1 0 0 0 0 1 0 0 0 0 1 0
0.99999835 -0.00064648218 -0.0016947499 0.68061706 0.00064330288 0.99999803 -0.0018758392 0.038373806 0.0016959592 0.0018747459 0.9999968 -0.0094942897
0.99998607 -0.00437125 -0.0029586096 1.3767971 0.0043700988 0.99999037 -0.00039544341 0.045172311 0.0029603097 0.00038250849 0.99999555 -0.022070734
0.99993186 -0.010461228 -0.00518119 2.0784425 0.010452778 0.999944 -0.0016552259 0.036052112 0.0051982156 0.0016009553 0.99998521 0.0098822449
0.99987452 -0.014956123 -0.0052209872 2.8203328 0.014954084 0.99988809 -0.0004292298 0.062618606 0.0052268225 0.00035110085 0.99998628 -0.0034059004
0.99980253 -0.018783307 -0.0064873897 3.5857866 0.018781718 0.99982356 -0.00030566081 0.084547746 0.0064919863 0.00018375612 0.99997891 0.010689092
0.99972137 -0.022308131 -0.0077150665 4.3503887 0.022309398 0.99975111 7.811023e-05 0.11509007 0.0077114039 -0.00025020695 0.99997024 0.036511244
0.99961829 -0.026626121 -0.0073709582 5.1218644 0.02665363 0.99963803 0.0036593699 0.14690673 0.0072708553 -0.0038544359 0.99996614 0.025240393
0.99951597 -0.030404003 -0.006589838 5.9378529 0.030436454 0.99952478 0.004881376 0.16876032 0.006438293 -0.0050795845 0.99996637 0.047865478
0.99933979 -0.036103368 -0.0040649837 6.7165694 0.036120249 0.9993388 0.0041590071 0.21275717 0.0039121418 -0.0043030895 0.99998309 0.049195992
0.9991861 -0.040288994 -0.0019833837 7.5348763 0.040298031 0.99917642 0.0047494823 0.25087493 0.0017903984 -0.0048255432 0.99998675 0.05825098
0.99909652 -0.0424605 -0.0018030894 8.3530757 0.042469768 0.99908285 0.0054575107 0.28143814 0.0015697071 -0.0055291567 0.99998348 0.067317154
0.99897765 -0.045172385 -0.0017659502 9.1677565 0.045177975 0.99897362 0.0032649923 0.32329427 0.0016166502 -0.0033414363 0.99999311 0.062138699
0.99884823 -0.047948231 -0.0017825939 10.016113 0.047955691 0.99883973 0.0044087052 0.36445544 0.001569136 -0.0044891129 0.99998869 0.076046253
0.99882651 -0.048411843 -0.0013746925 10.881359 0.048413929 0.99882619 0.0015273842 0.42523696 0.0012991354 -0.0015921461 0.99999789 0.090034495
0.99870995 -0.050764278 -0.001192178 11.726129 0.050765154 0.99871036 0.00071669956 0.45858489 0.0011542578 -0.00077629609 0.99999903 0.09432851
0.99859711 -0.052887476 -0.0025952289 12.563359 0.052889643 0.99860006 0.00077366998 0.50675251 0.0025506783 -0.00090984534 0.99999633 0.10305467
0.99847433 -0.054883016 -0.0060723466 13.431528 0.054899282 0.99848865 0.0025451925 0.54040662 0.0059234813 -0.0028746769 0.99997832 0.125787
0.99838665 -0.056250545 -0.0077448344 14.317801 0.056292673 0.99840007 0.0053332426 0.60152473 0.0074324453 -0.0057606156 0.99995579 0.13112434
0.99834673 -0.056955536 -0.0077374812 15.22858 0.057016576 0.99834188 0.0079115579 0.66744686 0.0072740446 -0.0083396426 0.99993877 0.1185945
0.99828708 -0.058157907 -0.0063689796 16.117712 0.05819543 0.99828793 0.0058736852 0.71518865 0.0060164743 -0.0062342695 0.99996247 0.11823861
0.99816844 -0.060324457 -0.004551705 17.010073 0.060345682 0.99816657 0.0046794841 0.77677159 0.0042610724 -0.0049455891 0.99997869 0.12581572
0.99813602 -0.060896236 -0.0040156693 17.890772 0.060922269 0.99811993 0.0067147046 0.83620784 0.0035992193 -0.0069468322 0.99996939 0.14316787
0.9980558 -0.062208513 -0.0038376795 18.740351 0.062232931 0.99803976 0.0066101037 0.89985329 0.003418952 -0.0068360824 0.99997079 0.1277048
0.99801698 -0.062765626 -0.0047529723 19.676827 0.062788022 0.99801573 0.004719126 0.94998911 0.0044473422 -0.0050081976 0.99997757 0.16179922
0.99796261 -0.063703577 -0.00353199 20.629011 0.063723037 0.99795133 0.0057018085 1.0114117 0.0031615285 -0.0059152608 0.99997751 0.17783579
0.99794948 -0.064006579 4.0909376e-05 21.555744 0.064003924 0.9979135 0.0084935855 1.0732784 -0.00058446937 -0.0084735508 0.99996393 0.16637084
0.99788513 -0.064919891 0.0032682855 22.482541 0.064896429 0.9978686 0.00683508 1.1353973 -0.0037050521 -0.0066085246 0.9999713 0.18845747
0.99805431 -0.062125037 0.0052986719 23.433564 0.06209811 0.998057 0.0051034656 1.1965457 -0.0056054295 -0.0047644983 0.99997294 0.18997624
0.998136 -0.060608487 0.0071504774 24.366386 0.060571847 0.99815012 0.0052342846 1.263789 -0.0074544919 -0.0047914103 0.99996074 0.18261911
0.99828901 -0.058195956 0.0056820213 25.32039 0.058154957 0.99828209 0.0071324039 1.3138145 -0.0060873372 -0.0067897627 0.99995842 0.18696276
0.99835817 -0.057279595 -0.00011179674 26.256898 0.05727782 0.9983076 0.010059211 1.379476 -0.00046458 -0.010049099 0.9999494 0.17541084
0.99843969 -0.055757807 -0.0030413377 27.21256 0.05577618 0.99842321 0.0063337948 1.4410909 0.0026833836 -0.0064935464 0.99997532 0.1929531
0.99852084 -0.054349865 -0.0014894611 28.190859 0.054359914 0.99849063 0.0078395325 1.4905512 0.0010611355 -0.0079089036 0.99996816 0.20502618
0.99848394 -0.054987052 0.0024976674 29.167398 0.054975784 0.9984781 0.004375692 1.5441361 -0.0027344726 -0.004231747 0.99998731 0.21705304
0.9984287 -0.055672692 0.0063785681 30.180788 0.055661922 0.99844795 0.0018538399 1.602391 -0.0064718765 -0.0014958836 0.99997794 0.20447649
0.99839221 -0.056247315 0.007017117 31.183683 0.056291602 0.99839461 -0.0062817801 1.6492013 -0.0066525185 0.0066666851 0.99995565 0.21711363
0.99833723 -0.057464637 0.0045386997 32.154969 0.057523873 0.99824278 -0.014225344 1.7098921 -0.0037132699 0.014462774 0.99988851 0.2279961
0.99825407 -0.059042941 0.0016541201 33.128173 0.059062022 0.99812289 -0.016198257 1.7673461 -0.00069462235 0.016267672 0.99986743 0.21713131
0.99811487 -0.061368998 -0.00073722028 34.088501 0.061356577 0.99805032 -0.011442434 1.824357 0.0014379937 0.011375631 0.99993426 0.19931375
0.99804327 -0.062523681 0.0006424842 35.09142 0.062526976 0.99798602 -0.010690002 1.8960859 2.7188025e-05 0.010709257 0.99994265 0.2408572
0.99796909 -0.063644668 0.0026549827 36.101603 0.063658448 0.99795672 -0.0054760918 1.9648269 -0.0023010338 0.0056339824 0.99998148 0.22625208
0.99795469 -0.063804007 0.0039357894 37.116886 0.063810194 0.99796098 -0.0014667849 2.0238305 -0.0038341775 0.0017149283 0.99999118 0.24270536
0.99786793 -0.065096209 0.0046981274 38.139448 0.065100614 0.99787839 -0.00079083636 2.0969724 -0.0046366794 0.0010950012 0.99998865 0.25862694
0.9978045 -0.065719283 0.0081944894 39.143234 0.065745383 0.99783205 -0.0029572439 2.1768041 -0.0079823762 0.0034895011 0.99996205 0.28386931
0.99776076 -0.065924312 0.011289631 40.140278 0.065935992 0.99782363 -0.00066509631 2.2591512 -0.011221215 0.001408 0.99993605 0.26152211
0.99772935 -0.066271543 0.012009395 41.125428 0.066274645 0.99780141 0.00013992105 2.3330257 -0.011992264 0.00065631508 0.99992787 0.23928576
0.99778047 -0.065791415 0.010277202 42.145034 0.065797197 0.99783299 -0.00022515922 2.3926294 -0.010240118 0.00090087057 0.99994716 0.24188274
0.99774029 -0.066715428 0.0079599143 43.126152 0.066707722 0.9977718 0.00123009 2.4566689 -0.008024244 -0.00069632259 0.99996756 0.24066128
0.9976839 -0.06765339 0.0070613315 44.083494 0.067627994 0.99770346 0.0037755987 2.5279898 -0.0073005469 -0.0032893104 0.99996794 0.24296232
0.99766448 -0.067833225 0.0080152151 45.096138 0.067805817 0.99769188 0.0036434911 2.5988567 -0.0082438648 -0.0030915034 0.99996124 0.27171929
0.99750604 -0.069944668 0.009457975 46.06582 0.069940799 0.99755087 0.00073953051 2.6789087 -0.0094865374 -7.6187817e-05 0.999955 0.25714195
0.99748468 -0.070385317 0.0083797263 47.057868 0.070392112 0.99751926 -0.00051838944 2.754664 -0.0083224514 0.0011069522 0.99996476 0.25339852
0.99751395 -0.07035176 0.0040686372 48.044287 0.070327943 0.99750748 0.005727304 2.8432012 -0.004461422 -0.0054269267 0.99997532 0.23279391
0.99752463 -0.070311188 0.0009709181 49.0373 0.070300466 0.99748974 0.0084886106 2.9138739 -0.0015653251 -0.0083993422 0.9999635 0.26450528
0.99747382 -0.070929062 0.0038779145 49.987266 0.070908643 0.99746941 0.005171329 2.9870664 -0.0042348985 -0.0048832876 0.99997911 0.26340804
0.99743224 -0.071257887 0.0071583896 50.959264 0.071248218 0.99745734 0.0015971736 3.0588781 -0.0072539994 -0.0010830499 0.9999731 0.28628322
0.99733958 -0.072408211 0.0084151052 51.922149 0.072400699 0.99737491 0.0011943527 3.1231753 -0.0084794957 -0.00058191577 0.99996388 0.28558579
0.99734948 -0.072306023 0.0081151874 52.888781 0.072307537 0.99738238 0.00010705836 3.1986749 -0.0081016859 0.00048001462 0.99996707 0.28764517
0.99732406 -0.072662156 0.0080585465 53.832448 0.072700594 0.99734328 -0.0045837984 3.263426 -0.0077040685 0.0051573936 0.99995702 0.29825614
0.99724507 -0.073773455 0.0077292303 54.780592 0.073814919 0.99725828 -0.0052237808 3.3344817 -0.0073226625 0.0057799222 0.99995648 0.30076101
0.99720862 -0.0739188 0.01053473 55.736188 0.073992474 0.99723573 -0.0067837289 3.4027026 -0.010004164 0.0075442837 0.9999215 0.31110503
0.99709568 -0.074324278 0.016616552 56.703246 0.074554975 0.99712247 -0.013723384 3.4661094 -0.015548757 0.014922373 0.99976775 0.31080154
0.99699994 -0.074943797 0.019353316 57.678431 0.075145323 0.99712341 -0.0099035786 3.5423348 -0.018555433 0.011328178 0.99976366 0.28684833
0.99692936 -0.076325718 0.017499796 58.624972 0.076551402 0.99698589 -0.012610177 3.6117482 -0.016484569 0.013911089 0.99976734 0.27223639
0.99690229 -0.077932491 0.010599233 59.528817 0.078087159 0.99683281 -0.015058001 3.7008098 -0.0093921555 0.015839019 0.99983044 0.27386491
0.99688183 -0.078802613 0.0040942425 60.442733 0.078841762 0.99683192 -0.010492867 3.7885519 -0.0032544063 0.010782946 0.99993657 0.27979241
0.99684177 -0.079330776 0.003621819 61.335007 0.079341773 0.99684296 -0.0030009185 3.8791823 -0.0033723196 0.0032788024 0.99998894 0.268735
0.99678993 -0.079909375 0.0049332443 62.215051 0.079904755 0.99680187 0.0011268483 3.9504427 -0.0050075129 -0.00072904136 0.9999872 0.29358776
0.99668729 -0.081011386 0.0071837539 63.090908 0.08101501 0.99671286 -0.00021450886 4.0264795 -0.0071427623 0.00079579015 0.99997417 0.31126592
0.99657651 -0.082349059 0.0073409584 63.974374 0.082361911 0.99660141 -0.0014655269 4.1035953 -0.0071953247 0.002065125 0.99997198 0.30918259
0.9964729 -0.083491852 0.0084188759 64.852135 0.083480115 0.99650793 0.0017367286 4.1871288 -0.0085344793 -0.0010277943 0.99996305 0.29565318
0.99628808 -0.085640895 0.0087008728 65.691632 0.08561915 0.99632388 0.0028424004 4.2680233 -0.0089123131 -0.0020868883 0.99995811 0.29746775
0.99615209 -0.087169253 0.0090850636 66.52609 0.087145663 0.99619118 0.0029615871 4.3419412 -0.0093086195 -0.0021584673 0.99995434 0.3111768
0.99603893 -0.088349331 0.010042673 67.338863 0.088295976 0.99607832 0.0056384306 4.4223313 -0.01050144 -0.0047293688 0.99993367 0.31972179
0.99592229 -0.089559657 0.010856276 68.145982 0.089479046 0.99595896 0.0076975348 4.4917971 -0.011501794 -0.0066947372 0.99991144 0.33198179
0.99575388 -0.090884793 0.014634662 68.942985 0.090799246 0.99584859 0.0064089076 4.5766431 -0.01515638 -0.0050528783 0.99987237 0.34058235
0.99550533 -0.09303278 0.017720889 69.73243 0.092917974 0.99564775 0.0071971589 4.6582826 -0.018313335 -0.005518221 0.99981707 0.30976215
0.99548347 -0.093688076 0.015336623 70.478658 0.093548297 0.99556853 0.0095925218 4.7350033 -0.016167364 -0.0081144819 0.99983637 0.32273879
0.9954532 -0.094914603 0.0080087494 71.213087 0.094831244 0.99544094 0.010215936 4.8065888 -0.0089418785 -0.0094100061 0.99991574 0.32538316
0.99537931 -0.096006902 0.0016470597 71.925705 0.095987011 0.99533682 0.0095447826 4.8738302 -0.0025557442 -0.0093425827 0.99995309 0.33861773
0.99534997 -0.096322419 -0.0006606187 72.608435 0.096324102 0.99529669 0.010304126 4.9491096 -0.00033500679 -0.010319845 0.99994669 0.34100533
0.9952454 -0.097376168 0.0021152186 73.277993 0.097344861 0.99518111 0.011770545 5.0273673 -0.0032511962 -0.011508675 0.99992849 0.34552779
0.99512817 -0.098499603 0.0042124978 73.928482 0.098433737 0.99504914 0.013711566 5.092294 -0.0055422261 -0.013230113 0.99989712 0.36001596
0.9950831 -0.099015993 0.0023345049 74.565197 0.098984876 0.99502865 0.010953824 5.1643587 -0.003407503 -0.010668885 0.99993728 0.35137604
0.99507999 -0.099058033 -0.0018216469 75.182178 0.099059433 0.99508128 0.00069434824 5.2221054 0.0017439059 -0.00087138334 0.9999981 0.37867422
0.99508149 -0.098922648 -0.0052097917 75.784861 0.098899923 0.99508742 -0.0044531997 5.2707915 0.0056247205 0.0039160486 0.99997651 0.3859759
0.99532426 -0.096328075 -0.0071070466 76.367507 0.096311749 0.99534781 -0.0026055426 5.3289267 0.0073249702 0.0019088677 0.99997135 0.38783405
0.99573589 -0.092138661 -0.0045272646 76.915007 0.092146991 0.99574402 0.0016667416 5.3911279 0.0043544253 -0.0020768083 0.99998836 0.37945711
0.99624354 -0.08655606 -0.0026188357 77.483125 0.086563448 0.99624225 0.0028528946 5.4365182 0.0023620594 -0.0030688733 0.9999925 0.42156293
0.99668053 -0.081401357 0.0013154924 78.034081 0.08139794 0.99667862 0.0024709715 5.4788853 -0.0015122636 -0.0023556908 0.99999608 0.41621138
0.9972467 -0.073950706 0.0055056955 78.578821 0.073981712 0.99724355 -0.0056584318 5.5152492 -0.0050720742 0.0060501732 0.99996883 0.41630351
0.99790222 -0.064364513 0.0069543428 79.096235 0.064404281 0.99790787 -0.0056542572 5.5588934 -0.0065758599 0.0060902853 0.99995983 0.41080114
0.99874256 -0.049679427 0.0067265302 79.583471 0.049674017 0.99876501 0.00096898605 5.5992247 -0.0067663617 -0.00063363384 0.99997691 0.4392137
0.99945143 -0.032303697 0.0073013224 80.04742 0.032250292 0.99945304 0.0073175433 5.6047247 -0.0075337126 -0.0070780593 0.99994657 0.45610531
0.99991047 -0.011354071 0.0070814521 80.51895 0.011284288 0.99988813 0.0098176608 5.6081797 -0.0071921303 -0.0097368726 0.99992673 0.45030798
0.99986132 0.014098814 0.008863387 80.967213 -0.014161778 0.99987464 0.0070816456 5.5812314 -0.0087624331 -0.0072061849 0.99993564 0.45408609
0.99905104 0.042166509 0.010908618 81.419405 -0.042215004 0.99909949 0.0042541119 5.5606953 -0.010719413 -0.0047105823 0.99993145 0.4542346
0.99714267 0.074372309 0.013238608 81.87736 -0.074414984 0.99722354 0.0027599769 5.5103664 -0.012996585 -0.0037372415 0.99990856 0.44910583
0.99367271 0.1113464 0.01471484 82.301707 -0.11138781 0.99377496 0.002022819 5.4459437 -0.014398005 -0.0036490738 0.99988968 0.44170347
0.98827223 0.15193029 0.015335997 82.728282 -0.15198974 0.98837816 0.0027818835 5.3685954 -0.014735113 -0.0050801725 0.99987853 0.45127039
0.98046794 0.19605185 0.015693954 83.150142 -0.19610884 0.98057975 0.0021637218 5.2839008 -0.014964972 -0.0051991831 0.9998745 0.44341117
0.96978183 0.24358123 0.013834148 83.559291 -0.24365634 0.96985336 0.0040053115 5.1689625 -0.012441476 -0.0072550561 0.99989628 0.4334972
0.95524495 0.29553626 0.012860854 83.952465 -0.29564523 0.95526783 0.0075676796 5.0091409 -0.010049037 -0.011031238 0.99988866 0.46266628
0.93630383 0.35096679 0.012547841 84.315746 -0.35108171 0.93630614 0.0085110908 4.8385957 -0.0087615108 -0.012374285 0.99988505 0.46672565
0.91229165 0.40937469 0.011675055 84.662591 -0.40946746 0.91229754 0.0070420651 4.6969985 -0.0077682809 -0.011204972 0.99990705 0.44971658
0.88347822 0.46834399 0.010960571 84.972898 -0.46841966 0.88348776 0.0056919412 4.5216229 -0.0070177441 -0.010162853 0.99992373 0.42734099
0.85093919 0.52519602 0.0084643202 85.284354 -0.52524319 0.85093883 0.0047639566 4.3039666 -0.0047006077 -0.0084996638 0.99995283 0.44017867
0.81552117 0.57866892 0.0082161512 85.577055 -0.57870731 0.81552873 0.0032768074 4.0465402 -0.0048043208 -0.0074270525 0.99996088 0.45422885
0.77601713 0.63064182 0.0093970274 85.854451 -0.63069357 0.77602191 0.0039526428 3.7977874 -0.0047995973 -0.0089939633 0.99994803 0.45434157
0.73454052 0.67844858 0.012559924 86.124854 -0.67853512 0.73455572 0.0042402676 3.515425 -0.0063491606 -0.011636998 0.99991213 0.47041866
0.68999305 0.72369378 0.013300409 86.372298 -0.72376934 0.6900407 0.001327325 3.2365707 -0.008217247 -0.010542274 0.99991066 0.46196492
0.64358287 0.76529936 0.010861681 86.566608 -0.76534506 0.64362017 7.9360461e-05 2.9330411 -0.0069300627 -0.0083640091 0.99994101 0.45848556
0.59715931 0.80209602 0.0065374788 86.784665 -0.80209593 0.59718611 -0.0032965955 2.6129482 -0.0065482777 -0.0032750924 0.9999732 0.46995523
0.55178618 0.83395352 0.0073169444 86.963857 -0.83396299 0.5518146 -0.0025252414 2.2690559 -0.0061435307 -0.0047086676 0.99997004 0.47243757
0.50474228 0.86321802 0.0094801874 87.146758 -0.86325992 0.50475919 0.00069109613 1.9253237 -0.0041886451 -0.0085326912 0.99995482 0.48281206
0.45841198 0.88865812 0.012050448 87.310416 -0.88873636 0.45840587 0.0034270126 1.5859271 -0.0024785537 -0.012280655 0.99992152 0.4869732
0.41566828 0.90948811 0.0071587896 87.443519 -0.90951486 0.41566871 0.0014992518 1.233247 -0.0016121331 -0.007134217 0.99997325 0.45008989
0.3749531 0.92703432 -0.0041888202 87.555861 -0.92703898 0.37493279 -0.0049117108 0.87552739 -0.0029827984 0.0057248609 0.99997916 0.45963477
0.33810096 0.94105207 -0.010427711 87.647305 -0.94108852 0.33799797 -0.010476789 0.53959652 -0.0063346592 0.013355612 0.99989074 0.48316025
0.30347519 0.95280038 -0.0086167416 87.763055 -0.95280717 0.30337823 -0.010961252 0.16857034 -0.0078297529 0.011536561 0.9999028 0.4759337
0.27159619 0.96241095 -0.00082149221 87.868958 -0.96240013 0.27158882 -0.0050490615 -0.21156296 -0.004636164 0.0021619101 0.99998692 0.48526826
0.24369939 0.96983837 0.004913861 87.960515 -0.96984971 0.24368834 0.0027430681 -0.59447506 0.001462882 -0.0054341907 0.99998416 0.48867443
0.2178124 0.97598317 0.0038219083 88.039849 -0.97597783 0.2177878 0.0059787735 -0.97678235 0.0050028174 -0.0050323487 0.99997482 0.48635959
0.19443093 0.98091577 -0.00092512432 88.123842 -0.98089161 0.19443265 0.0068988791 -1.3853458 0.0069470938 -0.00043390882 0.99997577 0.48924554
0.17334274 0.98482608 -0.0083592848 88.172401 -0.98480026 0.17342041 0.009685839 -1.7946129 0.010988538 0.0065532559 0.99991815 0.47890449
0.15360882 0.98802861 -0.014275706 88.217478 -0.98797647 0.15382475 0.015506261 -2.2086092 0.017516587 0.011722163 0.99977786 0.48396476
0.13522714 0.99074525 -0.011724856 88.285042 -0.99060962 0.1354304 0.018739762 -2.6644529 0.020154232 0.009080631 0.99975564 0.51296144
0.11933104 0.99283319 -0.0065088289 88.339269 -0.99271942 0.11942038 0.015713607 -3.1332275 0.016378278 0.0045863198 0.99985535 0.53005531
0.10597146 0.99436548 -0.002710699 88.396389 -0.99431152 0.10599427 0.010479023 -3.6053338 0.010707297 0.0015848019 0.99994142 0.53522371
0.093000799 0.99564736 -0.0060987053 88.432729 -0.99563011 0.093047729 0.0079245531 -4.0915034 0.008457531 0.0053350649 0.99995 0.51640053
0.081515808 0.99661702 -0.010473647 88.471845 -0.99664894 0.081580971 0.0059520677 -4.5956699 0.0067863822 0.0099533617 0.99992744 0.49868116
0.072110699 0.99732338 -0.012087823 88.491855 -0.99736039 0.072206101 0.0076505466 -5.116106 0.0085028835 0.011504229 0.99989767 0.51409863
0.063882045 0.99784594 -0.01491853 88.510814 -0.99790848 0.064019878 0.0089514041 -5.6487762 0.0098872047 0.014315494 0.99984864 0.54533985
0.059151627 0.99809478 -0.017547069 88.548883 -0.99819609 0.059320341 0.0092550426 -6.210728 0.010278308 0.016967965 0.9998032 0.55049489
0.053103991 0.9983953 -0.019666811 88.560161 -0.99853055 0.053303651 0.0097706528 -6.7678304 0.010803287 0.019119051 0.99975885 0.55094204
0.047291552 0.9987052 -0.0187465 88.585328 -0.99882426 0.047480798 0.0097815953 -7.3566374 0.010659029 0.018261872 0.99977642 0.54898732
0.042632694 0.9988906 -0.020000559 88.628795 -0.99903266 0.042837659 0.0099337807 -7.950286 0.010779537 0.019557708 0.99975062 0.55305252
0.039239031 0.99893963 -0.024081495 88.642121 -0.9991721 0.039484469 0.0098023405 -8.562864 0.010742791 0.023676924 0.99966194 0.56659184
0.036408998 0.99907294 -0.02297034 88.636867 -0.99928457 0.036632857 0.0094010813 -9.1843121 0.010233835 0.022611622 0.99969194 0.56810597
0.033835731 0.99910311 -0.025458017 88.670775 -0.99937399 0.034086314 0.0094741753 -9.862416 0.010333448 0.025121515 0.999631 0.59203503
0.032758084 0.99906897 -0.028073288 88.708287 -0.99940967 0.033034408 0.0094362197 -10.525625 0.010354819 0.027747603 0.99956133 0.60077446
0.033898238 0.99889294 -0.032616125 88.731826 -0.99937659 0.034200701 0.0087605042 -11.22105 0.0098663001 0.032298826 0.99942956 0.60390595
0.035221549 0.99886767 -0.031981451 88.755989 -0.99933504 0.03550391 0.0083041731 -11.93582 0.0094302367 0.031667699 0.99945396 0.61716921
0.038789079 0.9987615 -0.031158829 88.784875 -0.99920258 0.039063871 0.0082590531 -12.655601 0.0094660088 0.030813622 0.99948032 0.6154034
0.044316343 0.99844505 -0.033816385 88.801157 -0.998976 0.044597803 0.007614428 -13.411727 0.0091107244 0.033444314 0.99939906 0.62034642
0.049730058 0.99820057 -0.03350449 88.841577 -0.99872444 0.049993763 0.0070790224 -14.172552 0.0087412997 0.033109713 0.9994135 0.64752163
0.05340261 0.99800099 -0.033796083 88.881962 -0.99854527 0.053623023 0.0056487702 -14.944253 0.0074497264 0.03344526 0.99941279 0.65729887
0.056389434 0.99788905 -0.032212855 88.922281 -0.9983914 0.056549851 0.0040900117 -15.718107 0.00590301 0.031930404 0.99947266 0.65978184
0.061711278 0.9976383 -0.030158668 88.976777 -0.99808158 0.061833352 0.0031311357 -16.504342 0.0049885524 0.029907584 0.99954022 0.65211032
0.066044837 0.99735629 -0.030306849 89.03458 -0.99780314 0.066171543 0.0031959238 -17.31033 0.0051929257 0.030029195 0.99953553 0.6555574
0.068464892 0.99726348 -0.027894563 89.102566 -0.9976276 0.068637916 0.0052921143 -18.1088 0.007192257 0.027466062 0.99959686 0.67390541
0.071956555 0.99703628 -0.027219585 89.166494 -0.9973325 0.07225959 0.010316928 -18.930305 0.012253228 0.026404606 0.99957624 0.68441573
0.071484287 0.99728753 -0.017537662 89.228383 -0.99729848 0.071760945 0.015687698 -19.749665 0.016903665 0.01636886 0.99972312 0.70812936
0.070041655 0.99746343 -0.012683576 89.292216 -0.99739979 0.070242106 0.016115246 -20.544419 0.01696529 0.011521857 0.99978969 0.73233155
0.069221289 0.99750173 -0.014096271 89.363071 -0.99748782 0.06941965 0.014105016 -21.359345 0.015048336 0.013084491 0.99980115 0.74468674
0.068766348 0.9974868 -0.017066527 89.417741 -0.99754665 0.068975148 0.011962531 -22.212774 0.013109633 0.016202038 0.99978279 0.76981397
0.070226531 0.99744479 -0.013119478 89.497342 -0.99745827 0.070374219 0.011156257 -23.032945 0.012051023 0.012302667 0.9998517 0.78205738
0.070698371 0.9974255 -0.012004988 89.559256 -0.99743452 0.070824269 0.010407019 -23.837618 0.01123047 0.01123843 0.99987378 0.78695764
0.071414439 0.99737729 -0.011769379 89.628854 -0.99737151 0.071548988 0.011437187 -24.639265 0.012249278 0.010921663 0.99986533 0.80395872
0.069715752 0.99755185 -0.0054783206 89.688877 -0.99748206 0.069780392 0.012658556 -25.493771 0.013009845 0.0045820258 0.99990487 0.82258143
0.066823607 0.99776462 -0.00061509751 89.746371 -0.99767857 0.066825924 0.013106309 -26.292951 0.013118116 -0.00026214124 0.99991392 0.85461756
0.063240044 0.99799834 -7.5700372e-05 89.814415 -0.99793478 0.063236872 0.011281745 -27.086801 0.01126395 -0.00063791402 0.99993636 0.87763673
0.058672231 0.99827639 -0.0013512176 89.87313 -0.99823186 0.058682421 0.0094615926 -27.899711 0.0095245772 0.00079369568 0.99995433 0.88929614
0.052463584 0.99862112 0.0018502623 89.927831 -0.99859381 0.052447841 0.0077219973 -28.71518 0.0076143073 -0.0022527842 0.99996847 0.92255857
0.045309586 0.99897281 0.0006004478 89.973498 -0.99894577 0.045303906 0.0074096405 -29.531813 0.0073748268 -0.00093554253 0.99997237 0.92832768
0.035332173 0.99937126 0.002953005 90.003265 -0.9993391 0.035305466 0.0086535229 -30.331663 0.0085438249 -0.0032568012 0.9999582 0.95295751
0.024171081 0.99970477 -0.0024776144 90.007599 -0.99967836 0.024189326 0.0076195504 -31.118926 0.0076772327 0.0022926447 0.9999679 0.95405235
0.013431441 0.99990314 0.0036469898 90.019322 -0.99988188 0.013403724 0.0075209198 -31.959984 0.0074713081 -0.0037475758 0.99996507 0.97963655
0.0035822979 0.99998407 0.0043626581 90.0336 -0.99997694 0.0035570336 0.0057850893 -32.770728 0.005769479 -0.0043832814 0.99997375 0.98376691
-0.0086391984 0.99994836 0.0053518407 90.026006 -0.99995207 -0.0086636354 0.0045598647 -33.561379 0.0046059957 -0.0053121906 0.99997528 1.0056518
-0.020912321 0.99975617 0.0070906857 90.005082 -0.99976424 -0.020952882 0.0056950981 -34.336698 0.0058422798 -0.0069699163 0.99995864 1.0212986
-0.030912033 0.99951978 0.002157084 89.999268 -0.99950348 -0.030924562 0.0060392954 -35.129283 0.0061031021 -0.001969326 0.99997944 1.0518358
-0.041058034 0.99915544 -0.0016247069 89.969266 -0.99913518 -0.041046403 0.0066403876 -35.895183 0.006568091 0.0018959431 0.99997663 1.0733614
-0.051089559 0.99869386 -0.00065493952 89.931428 -0.99866295 -0.051082777 0.0079291179 -36.673318 0.0078853053 0.001059159 0.99996835 1.0782156
-0.062387143 0.99804421 0.0039504373 89.885066 -0.99800827 -0.062420982 0.0091167977 -37.458199 0.0093455573 -0.0033737982 0.99995064 1.1035821
-0.071852424 0.99739898 0.0057009921 89.836518 -0.997375 -0.071899715 0.008575761 -38.215146 0.008963355 -0.0050698378 0.99994698 1.1149017
-0.081295255 0.99668245 0.003896687 89.785674 -0.99664854 -0.081326934 0.0088099851 -38.941971 0.0090976631 -0.0031674174 0.9999536 1.1306806
-0.089945573 0.99593787 0.0041892214 89.706786 -0.99590573 -0.089979223 0.0086899567 -39.67542 0.0090315998 -0.0033904464 0.99995347 1.1477601
-0.098251626 0.99515233 0.0042952293 89.623002 -0.99513195 -0.098281101 0.0072951188 -40.406028 0.0076818943 -0.0035575626 0.99996417 1.1797731
-0.10499428 0.99447229 -0.0010325586 89.553406 -0.99446212 -0.10498828 0.0047498134 -41.124014 0.0046151513 0.0015255437 0.99998819 1.1666708
-0.1082717 0.99411825 -0.0024799988 89.481097 -0.99411547 -0.10826215 0.0037071315 -41.841158 0.0034168371 0.0028667826 0.99999005 1.188835
-0.11144297 0.99376747 -0.0025859735 89.395103 -0.99376911 -0.11143756 0.0021495857 -42.556056 0.0018480138 0.0028094169 0.99999435 1.2085976
-0.11342529 0.99354251 -0.0028270462 89.319362 -0.99354419 -0.11341838 0.0024936978 -43.278621 0.0021569557 0.0030916437 0.99999289 1.2096579
-0.11443662 0.99342927 -0.0015949403 89.24207 -0.99342984 -0.11443447 0.0013802572 -43.947366 0.0011886718 0.0017424133 0.99999778 1.1861941
-0.11436569 0.99339385 -0.009441347 89.164662 -0.99343793 -0.11434845 0.002348038 -44.593277 0.0012529232 0.0096479272 0.99995267 1.2174372
-0.11308147 0.9935612 -0.0069794924 89.092334 -0.99358135 -0.11305734 0.0037613143 -45.250715 0.0029480131 0.0073600284 0.99996857 1.2308879
-0.1091643 0.99399809 -0.00713819 89.028791 -0.99401571 -0.10913179 0.0047972162 -45.862677 0.0039894203 0.0076191578 0.99996302 1.247575
-0.10260674 0.99469731 -0.0070084738 88.977637 -0.99471111 -0.1025701 0.0054012789 -46.441455 0.0046537777 0.0075256144 0.99996085 1.2740635
-0.091857833 0.99576341 -0.0041687108 88.915907 -0.99575667 -0.091832268 0.0059579343 -47.03301 0.0055498708 0.0046983045 0.99997356 1.2751327
-0.077960133 0.99694698 -0.0043527444 88.882415 -0.99693713 -0.077930679 0.0065697457 -47.612695 0.0062104758 0.0048515908 0.99996895 1.2868682
-0.062344724 0.99803493 -0.0062777206 88.856146 -0.99803083 -0.062298517 0.0073051968 -48.184455 0.0068997489 0.0067207991 0.99995361 1.2998204
-0.042975821 0.99907066 -0.0033004781 88.844588 -0.99903249 -0.04294284 0.0094863569 -48.746964 0.0093358089 0.0037049688 0.99994956 1.3032984
-0.019762863 0.99980348 -0.0015579739 88.848924 -0.99973144 -0.019742528 0.012135751 -49.25398 0.012102608 0.0017973927 0.99992515 1.327865
0.0089069546 0.99995854 -0.0018934087 88.890843 -0.99985324 0.0089336959 0.014618149 -49.790063 0.014634458 0.0017629276 0.99989136 1.3437215
0.041356784 0.99914138 -0.0024730743 88.92477 -0.9990168 0.041390937 0.01588128 -50.294488 0.015970007 0.0018138441 0.99987083 1.3592646
0.077486553 0.99699289 -0.0010053926 88.978373 -0.99688861 0.07749299 0.014419995 -50.841197 0.014454543 -0.00011509126 0.99989552 1.3655282
0.11843134 0.99296224 -5.7603616e-06 89.050472 -0.99288168 0.1184218 0.012737259 -51.385569 0.012648299 -0.0015027712 0.99991888 1.3666981
0.16197561 0.98679455 -0.00065007572 89.15871 -0.98676424 0.16197574 0.0077578436 -51.893727 0.0077606943 -0.00061510996 0.9999697 1.3747195
0.20976133 0.97775006 0.002238142 89.314494 -0.97774316 0.20974868 0.0048798071 -52.388927 0.0043017844 -0.0032119229 0.99998559 1.3763957
0.25915096 0.96579616 0.0088635452 89.484606 -0.96583612 0.25912878 0.0035853153 -52.848696 0.0011658841 -0.00948987 0.99995429 1.4066395
0.31278999 0.94976608 0.01033525 89.67312 -0.94982217 0.31277738 0.0028559918 -53.287452 -0.00052010838 -0.010709975 0.99994251 1.416669
0.3681096 0.92975604 0.007002362 89.886278 -0.92978235 0.36809658 0.0031122048 -53.716739 0.00031604569 -0.0076563051 0.99997064 1.4102007
0.42699644 0.90423454 0.00582598 90.12042 -0.90424488 0.42695578 0.0070682842 -54.146897 0.0039039509 -0.0082862447 0.99995805 1.4338528
0.48774205 0.87298713 0.0010802191 90.372198 -0.87296387 0.48771915 0.0080071865 -54.552978 0.0064633272 -0.0048484338 0.99996736 1.4551545
0.54773433 0.83664639 -0.0031485735 90.682783 -0.83654805 0.54772161 0.013725644 -54.934116 0.013208052 -0.0048840732 0.99990084 1.436719
0.60429013 0.79674746 -0.005189186 91.020187 -0.79658269 0.60427861 0.01741771 -55.303774 0.01701323 -0.0063917346 0.99983483 1.4352942
0.65875884 0.75232356 -0.0067868609 91.332925 -0.75214638 0.6587621 0.01755883 -55.640295 0.017680848 -0.0064623214 0.9998228 1.4471692
0.70910391 0.70505197 -0.0085655642 91.661213 -0.70485302 0.70912329 0.018065751 -55.954295 0.018811335 -0.006773031 0.99980011 1.4618167
0.75605285 0.65448964 -0.0052337568 92.057297 -0.65436445 0.75602886 0.015084244 -56.249037 0.013829353 -0.0079797015 0.99987253 1.4716873
0.798246 0.60232819 -0.0020173173 92.470252 -0.6022739 0.79821144 0.011164962 -56.518398 0.008335217 -0.0076974086 0.99993563 1.4577124
0.83655124 0.54788136 0.0028369769 92.890039 -0.54788503 0.83651544 0.0079944276 -56.729665 0.0020068228 -0.0082420854 0.99996402 1.4722185
0.86958004 0.49373101 0.0077614832 93.290455 -0.49377499 0.86957316 0.0053648367 -56.930644 -0.0041003912 -0.0084975812 0.99995549 1.4873399
0.89726223 0.44132592 0.012325434 93.704792 -0.44140559 0.89729595 0.0045918949 -57.104503 -0.0090330398 -0.0095606493 0.9999135 1.5134162
0.91913851 0.39361081 0.015966562 94.15378 -0.39373744 0.91920568 0.0056338504 -57.279975 -0.01245901 -0.011464922 0.99985665 1.5150575
0.93577242 0.35200582 0.020539678 94.614525 -0.35226675 0.93583768 0.010769433 -57.403803 -0.015430902 -0.017313184 0.99973103 1.4994879
0.94868584 0.31555304 0.020529352 95.053706 -0.31586539 0.94869675 0.014266242 -57.536592 -0.014974373 -0.020018694 0.99968746 1.4995074
0.95810098 0.28572828 0.020046696 95.48087 -0.28607802 0.95804672 0.01748875 -57.646883 -0.01420864 -0.022490908 0.99964607 1.4727852
0.96539349 0.260124 0.018732666 95.937186 -0.26041103 0.96538209 0.0149504 -57.758483 -0.014195222 -0.019311212 0.99971275 1.4732946
0.96992924 0.24274902 0.017611956 96.407835 -0.24297407 0.9699587 0.011988053 -57.884539 -0.014172782 -0.015906812 0.99977303 1.4696052
0.9730192 0.22997681 0.018555515 96.901508 -0.23025994 0.97301512 0.014897469 -57.984212 -0.014628724 -0.018768115 0.99971684 1.47105
0.97533044 0.21991816 0.019144879 97.399389 -0.22027371 0.97525298 0.019002901 -58.082717 -0.014492017 -0.022751221 0.99963612 1.4619846
0.97678141 0.21341047 0.018816313 97.910638 -0.2138216 0.97658958 0.023518514 -58.181339 -0.013356718 -0.026995781 0.99954631 1.4742227
0.97752008 0.21015638 0.016993996 98.414227 -0.21059061 0.9771139 0.030000253 -58.27359 -0.010300325 -0.032904625 0.99940542 1.4583301
0.97786321 0.20875246 0.014351244 98.936784 -0.20913023 0.97729777 0.033965006 -58.373409 -0.0069351597 -0.036214409 0.99931998 1.4637811
0.97750924 0.21065579 0.009991531 99.471108 -0.21086801 0.97702125 0.031050771 -58.492067 -0.0032209135 -0.032459309 0.99946787 1.4396509
0.97676035 0.21430354 0.003633761 100.01186 -0.21431728 0.97632829 0.02917498 -58.626093 0.0027045578 -0.029275742 0.99956771 1.4399468
0.97578204 0.21874509 -7.2902927e-06 100.57938 -0.21864623 0.97534204 0.030028731 -58.754761 0.0065757482 -0.029299903 0.99954904 1.4587084
0.97473939 0.22334285 0.0010426651 101.16189 -0.22322843 0.9740678 0.036891642 -58.864861 0.007223858 -0.036192489 0.99931873 1.4750615
0.9736241 0.22809183 0.0054976633 101.75743 -0.22812548 0.97279503 0.040355763 -59.000037 0.0038567204 -0.040545501 0.99917025 1.468324
0.97259235 0.23230339 0.0099630532 102.36359 -0.2325159 0.97182276 0.038689641 -59.143137 -0.00069458712 -0.039945817 0.99920161 1.4540811
0.97162814 0.2360848 0.014238434 102.97657 -0.23644322 0.97104687 0.03409658 -59.281946 -0.0057765023 -0.036495777 0.99931711 1.4581889
0.9707928 0.23931743 0.016985753 103.60845 -0.23973119 0.97040108 0.029166825 -59.427885 -0.0095028637 -0.032386958 0.99943023 1.4525202
0.96989455 0.24281896 0.01853392 104.22298 -0.24326943 0.96955321 0.028045548 -59.597426 -0.01115963 -0.031709961 0.99943481 1.4480901
0.9698412 0.24328999 0.014766021 104.86018 -0.24355794 0.96967211 0.020384744 -59.773132 -0.0093587946 -0.023366347 0.99968316 1.4371396
0.96994467 0.24322202 0.0070980304 105.52419 -0.24330919 0.96980511 0.016694002 -59.934188 -0.0028233573 -0.017919274 0.99983545 1.440296
0.96973071 0.2441767 0.00031233482 106.19245 -0.24413237 0.96952864 0.020337304 -60.088166 0.0046630782 -0.019797959 0.99979313 1.4417954
0.97044288 0.24131766 -0.0025289045 106.87236 -0.2411609 0.97009924 0.027365759 -60.25086 0.0090571293 -0.025947033 0.99962229 1.4563032
0.97122773 0.23815203 0.00054881913 107.57204 -0.23804471 0.97071549 0.032344198 -60.425425 0.0071700893 -0.031544226 0.99947664 1.4641301
0.97209069 0.23448664 0.0074635762 108.28702 -0.23460534 0.97157851 0.031552089 -60.58961 0.00014709301 -0.032422487 0.99947424 1.4583723
0.972327 0.23322463 0.013655899 109.00455 -0.23351572 0.9719944 0.02640618 -60.747959 -0.0071148857 -0.028864309 0.99955802 1.442864
0.97278147 0.23129298 0.01413372 109.71657 -0.23158721 0.97249401 0.024955278 -60.927596 -0.0079729772 -0.027549221 0.99958865 1.4454735
0.97368134 0.22768819 0.010135729 110.46348 -0.22789079 0.97325057 0.029139458 -61.100927 -0.0032298936 -0.030682386 0.99952397 1.4659575
0.97435849 0.22496828 0.0038484333 111.21494 -0.22498422 0.9739324 0.028944359 -61.26634 0.0027634487 -0.029068018 0.99957362 1.4786538
0.97517492 0.22143372 0.0009918957 111.98404 -0.22135189 0.97467154 0.031917512 -61.424555 0.0061008411 -0.031344715 0.99949001 1.4747285
0.97609124 0.21735798 0.0011838162 112.76701 -0.21728257 0.97557713 0.032210982 -61.603964 0.0058464101 -0.03169808 0.99948039 1.4798267
0.9767686 0.21427914 0.002746726 113.53252 -0.21426501 0.9763231 0.029727125 -61.769505 0.0036882108 -0.02962505 0.99955428 1.4917555
0.97742845 0.2112113 0.0048392746 114.32531 -0.21126599 0.97710778 0.025041443 -61.953814 0.00056054294 -0.025498592 0.9996747 1.4973166
0.97784566 0.20922645 0.0064928464 115.11895 -0.20931727 0.97763067 0.020604772 -62.119003 -0.0020365425 -0.021507351 0.99976662 1.4871114
0.97787757 0.20905866 0.0070671527 115.93015 -0.2091543 0.97771757 0.017967513 -62.298031 -0.0031534152 -0.019048153 0.99981359 1.4887104
0.97804273 0.20823733 0.0083451156 116.7596 -0.20836513 0.97785188 0.019740341 -62.465293 -0.0040496112 -0.021045728 0.99977031 1.5123006
0.97810279 0.20795667 0.0083035503 117.56718 -0.20809719 0.97782644 0.023473643 -62.624768 -0.0032379304 -0.024687582 0.99968997 1.5310094
0.97795535 0.20873821 0.0056298158 118.39634 -0.20881365 0.97765483 0.024246636 -62.7805 -0.00044281713 -0.02488771 0.99969015 1.5120387
0.97759203 0.21044614 0.0051227756 119.2431 -0.21050453 0.97713508 0.029914471 -62.938944 0.0012897414 -0.030322516 0.99953933 1.5248432
0.97706725 0.21280496 0.0073232836 120.05146 -0.21292423 0.97618571 0.041529869 -63.106213 0.0016888773 -0.04213678 0.99911042 1.5401121
0.97647626 0.21543429 0.0090655851 120.8751 -0.21562426 0.97550332 0.04358262 -63.287582 0.00054568251 -0.044512154 0.99900869 1.5259754
0.97612902 0.21694562 0.010331257 121.71335 -0.21719137 0.97497558 0.047439725 -63.455947 0.00021911701 -0.048551152 0.99882067 1.5364729
0.97554516 0.21959122 0.0095570052 122.55914 -0.21979603 0.9743796 0.047687569 -63.643048 0.0011596207 -0.048621969 0.99881658 1.5406917
0.97526362 0.22090053 0.0079889843 123.40834 -0.22103517 0.97424344 0.044644924 -63.849715 0.0020788719 -0.045306417 0.99897097 1.5638903
0.97521892 0.22116178 0.0059609681 124.2662 -0.22121902 0.97437398 0.040712304 -64.048066 0.0031957935 -0.041022089 0.99915313 1.5764113
0.97485457 0.22274125 0.0067003824 125.10447 -0.22282528 0.9739722 0.041557859 -64.240239 0.0027306633 -0.042005883 0.99911363 1.5855877
0.97452186 0.22416282 0.0076267185 125.92584 -0.22428643 0.97368105 0.040507028 -64.435256 0.0016541786 -0.041185554 0.99915015 1.590964
0.97457159 0.22373086 0.012438244 126.75809 -0.22406642 0.97354829 0.044698552 -64.611864 -0.0021087855 -0.046348932 0.99892308 1.6099024
0.97407161 0.22562642 0.01664984 127.62351 -0.2261707 0.97295329 0.046996861 -64.781943 -0.0055957833 -0.049544014 0.99875627 1.6057113
0.97388804 0.22656477 0.014508315 128.44241 -0.22700232 0.97276037 0.04698087 -64.977561 -0.0034689043 -0.049047529 0.99879042 1.5972632
0.97391362 0.22689577 0.003252173 129.26836 -0.22680831 0.97289049 0.045189394 -65.187453 0.0070892743 -0.044748186 0.99897314 1.6010151
0.97391414 0.22673693 -0.0090337927 130.05418 -0.22618749 0.97320361 0.041399839 -65.364752 0.018178592 -0.038276558 0.99910182 1.6433122
0.97435263 0.22499401 -0.003827953 130.88504 -0.22468394 0.97366666 0.03860516 -65.558091 0.01241308 -0.03675496 0.99924721 1.6458045
0.9742303 0.22516995 0.01318421 131.75009 -0.22550023 0.97362094 0.034812421 -65.753605 -0.0049977113 -0.036888358 0.9993069 1.6520503
0.97430308 0.22342108 0.028574829 132.58769 -0.22421942 0.97411662 0.028678597 -65.938857 -0.021427813 -0.034348677 0.99918017 1.6813404
0.97447247 0.22268044 0.028580029 133.40493 -0.22349139 0.97426684 0.029252673 -66.122619 -0.021330576 -0.034893315 0.99916338 1.6687812
0.97498637 0.22172232 0.015517243 134.18983 -0.222114 0.97451818 0.03130011 -66.289914 -0.0081819026 -0.033963778 0.99938957 1.6719686
0.97539113 0.22045478 0.0034388318 134.99085 -0.22042675 0.97468202 0.037509968 -66.456511 0.0049174841 -0.037344901 0.99929034 1.6567852
0.97557833 0.21964135 -0.0021433345 135.81146 -0.21943847 0.97501434 0.034551236 -66.630741 0.0096786621 -0.033237107 0.99940063 1.6845428
0.97633192 0.21627617 -0.00077226268 136.62069 -0.21613868 0.97582676 0.032344936 -66.800177 0.0077490335 -0.031412478 0.99947647 1.7206547
0.97723489 0.21215213 0.0018565151 137.44861 -0.21207647 0.97656565 0.036648496 -66.987871 0.0059620477 -0.036207912 0.99932649 1.7328762
0.97813731 0.20796009 4.6655608e-05 138.24115 -0.20780004 0.97737569 0.039444881 -67.163082 0.008157361 -0.038592205 0.99922175 1.7457539
0.97907687 0.20349057 0.00027742932 139.04944 -0.20332968 0.97824671 0.041114654 -67.325403 0.0080950499 -0.040310816 0.9991544 1.7531278
0.97967141 0.20060458 0.0013183537 139.84424 -0.20044057 0.97855897 0.04739109 -67.471866 0.0082167828 -0.046691947 0.99887554 1.7685309
0.97989895 0.19945143 0.0041441388 140.64345 -0.19940156 0.9785972 0.05085799 -67.615091 0.0060882563 -0.050662039 0.9986973 1.7769127
0.98009702 0.19834217 0.0083798772 141.4456 -0.19850889 0.9787447 0.0515075 -67.75587 0.0020143487 -0.052145827 0.99863745 1.77417
0.98041225 0.19679332 0.0080134438 142.25628 -0.19694798 0.97918222 0.049129205 -67.930194 0.0018216777 -0.049745106 0.99876028 1.7794168
0.98104323 0.19369983 0.0058790107 143.06792 -0.19375875 0.97990228 0.047424406 -68.084545 0.0034252434 -0.047664502 0.99885753 1.7798889
0.98180305 0.18990197 9.6304143e-05 143.87084 -0.18973552 0.98092098 0.042361176 -68.237656 0.0079500043 -0.041608605 0.99910236 1.8036855
0.98278934 0.18472201 -0.0016993824 144.65354 -0.18451062 0.98202961 0.039669726 -68.394928 0.0089967154 -0.03867343 0.9992114 1.8374103
0.98411089 0.17754666 0.0017140009 145.44612 -0.17747865 0.98335927 0.038805584 -68.532035 0.0052043233 -0.038493197 0.99924531 1.8387828
