0.99999835 0.00064330288 0.0016959592 -0.68062453 -0.00064648218 0.99999803 0.0018747459 -0.037915924 -0.0016947499 -0.0018758392 0.9999968 0.010719718
0.99999226 0.0037291669 0.0012573764 -0.6961628 -0.0037272974 0.99999195 -0.0014859057 -0.0037504525 -0.0012629075 0.0014812076 0.99999811 0.014638802
0.99997899 0.0060837139 0.0022356509 -0.70166837 -0.0060864887 0.99998071 0.0012364776 0.016408606 -0.0022280854 -0.0012500589 0.99999674 -0.028332244
0.99998987 0.0045016996 2.1452943e-05 -0.74212502 -0.0045016699 0.99998912 -0.0012264545 -0.015463053 -2.6973839e-05 0.0012263455 0.99999925 0.017172766
0.99999187 0.0038287266 0.0012638794 -0.76580606 -0.0038285434 0.99999266 -0.00014733306 -0.0075501068 -0.0012644342 0.00014249304 0.99999919 -0.0091221954
0.99999303 0.0035288053 0.00121884 -0.76526957 -0.0035283066 0.99999369 -0.00041106487 -0.013471416 -0.0012202829 0.00040676156 0.99999917 -0.019924813
0.99999046 0.0043455609 -0.00043940081 -0.77194726 -0.0043471026 0.99998418 -0.0035708169 -0.011307184 0.00042387666 0.003572693 0.99999353 0.016840555
0.99999249 0.0037873888 -0.00081793713 -0.81640434 -0.0037883669 0.99999211 -0.001197675 0.0030810363 0.00081339461 0.0012007646 0.99999895 -0.017353767
0.99998064 0.005699282 -0.0024971606 -0.77979675 -0.0056972675 0.99998344 0.0008131189 -0.01584774 0.0025017534 -0.00079887617 0.99999655 0.0016519944
0.99998901 0.004189698 -0.0021037073 -0.8191932 -0.0041907714 0.99999109 -0.00050610564 -0.0050739163 0.0021015681 0.00051491624 0.99999766 -0.0076128906
0.99999761 0.0021746228 -0.00021019612 -0.81877245 -0.0021747694 0.99999739 -0.0006997417 0.0042561135 0.0002086739 0.00070019716 0.99999973 -0.0077575368
0.99999632 0.0027105109 6.1936738e-05 -0.81573052 -0.0027106402 0.99999392 0.0021919779 -0.0050293991 -5.5994982e-05 -0.0021921377 0.9999976 0.0064804457
0.99999613 0.0027808699 -3.8216056e-05 -0.84937536 -0.0027809118 0.99999548 -0.0011432038 -0.00037377839 3.5036782e-05 0.0011433057 0.99999935 -0.012576589
0.99999986 0.00045995976 -0.00026793857 -0.8671908 -0.00045918144 0.9999957 0.0028977008 -0.018799782 0.00026927025 -0.0028975774 0.99999577 -0.012891603
0.99999722 0.002354339 -0.00014112586 -0.84537861 -0.0023542226 0.99999689 0.00081890524 0.0095825795 0.0001430534 -0.00081857072 0.99999965 -0.0033107943
0.99999676 0.0021263933 0.0013980763 -0.83862485 -0.0021262121 0.99999773 -0.00013109694 -0.0038132896 -0.0013983519 0.00012812391 0.99999901 -0.0065905876
0.99999229 0.0020102507 0.0033746641 -0.86882727 -0.0020036448 0.99999607 -0.0019597316 0.014109863 -0.0033785904 0.0019529549 0.99999239 -0.017545672
0.99999789 0.0013917589 0.0015130102 -0.88832257 -0.0013874006 0.9999949 -0.0028777976 -0.011136277 -0.0015170076 0.0028756923 0.99999471 0.0012009683
0.99999972 0.00072590309 -0.0001542239 -0.91294088 -0.00072629763 0.99999642 -0.0025737633 -0.014043414 0.00015235505 0.0025738746 0.99999668 0.019054664
0.99999851 0.0011907839 -0.0012477051 -0.8903853 -0.0011881444 0.99999706 0.0021141207 0.0040477929 0.0012502189 -0.0021126351 0.99999699 0.0057383228
0.99999614 0.0021644144 -0.0017419505 -0.89447527 -0.0021621483 0.99999682 0.0013017179 -0.0076013542 0.0017447624 -0.0012979465 0.99999764 -0.0038033617
0.99999961 0.00058075822 -0.00065899335 -0.88274129 -0.00058207439 0.99999783 -0.0019988162 -0.0055726849 0.00065783109 0.001999199 0.99999779 -0.014214119
0.99999912 0.001314336 -0.00017113886 -0.85183499 -0.0013143162 0.99999913 0.00011547782 -0.010775362 0.00017129049 -0.00011525279 0.99999998 0.018302327
0.99999932 0.00054938785 0.0010321783 -0.93791847 -0.00055127592 0.99999817 0.0018298106 0.0089129105 -0.0010311712 -0.0018303784 0.99999779 -0.029879206
0.99999873 0.00094301095 -0.001281114 -0.95420874 -0.00094416804 0.99999915 -0.00090288878 -0.00054435735 0.0012802615 0.00090409722 0.99999877 -0.013023329
0.99999294 0.00030330717 -0.0037442657 -0.92879861 -0.00031288387 0.99999668 -0.0025573779 -0.0025178345 0.0037434776 0.0025585314 0.99998972 0.010901161
0.99999473 0.00092120403 -0.0031128922 -0.92878711 -0.00091540275 0.99999784 0.0018645402 -0.0016728533 0.0031146031 -0.0018616808 0.99999342 -0.025539629
0.99999426 -0.0027907788 -0.0019188967 -0.95296145 0.0027943376 0.99999438 0.0018543955 -0.0019400594 0.0019137107 -0.0018597469 0.99999644 -0.0068699523
0.99999712 -0.0015195636 -0.0018563686 -0.93521084 0.001519532 0.99999885 -1.8400364e-05 -0.010617192 0.0018563945 1.5579499e-05 0.99999828 0.00033474365
0.99999613 -0.0024282425 0.0013555444 -0.95525451 0.0024309244 0.99999508 -0.0019803324 0.0056090461 -0.001350729 0.0019836199 0.99999712 -0.010120938
0.99998381 -0.00091783261 0.0056166602 -0.93873637 0.00093611807 0.99999427 -0.0032538122 -0.012023637 -0.0056136416 0.0032590173 0.99997893 0.010995533
0.99999391 -0.0015354022 0.0031326899 -0.95765444 0.001524259 0.99999251 0.0035563656 -0.0081182733 -0.0031381269 -0.003551569 0.99998877 -0.015025595
0.99999768 -0.0014080232 -0.0016314253 -0.97955416 0.0014057083 0.999998 -0.0014191773 0.0038803698 0.0016334202 0.0014168806 0.99999766 -0.0110033
0.99999261 0.00064696476 -0.0037906041 -0.97797119 -0.00063302351 0.99999304 0.0036778903 0.00024452129 0.0037929572 -0.0036754636 0.99998605 -0.014700248
0.99999278 0.00070394714 -0.0037344921 -1.0151219 -0.00069373931 0.99999602 0.0027339843 -0.0017651341 0.0037364019 -0.0027313737 0.99998929 0.0060042951
0.99999978 0.00063100414 -0.00017970345 -1.0038337 -0.00062951702 0.99996652 0.0081586244 0.0095907622 0.00018484555 -0.0081585095 0.9999667 -0.019379959
0.99999492 0.0012529805 0.0029309915 -0.97312079 -0.001275775 0.99996886 0.0077881548 -0.0049270085 -0.0029211418 -0.0077918545 0.99996538 -0.014426276
0.99999426 0.0015838827 0.002996053 -0.97490599 -0.0015892779 0.99999712 0.0017992386 0.00029136891 -0.0029931945 -0.0018039898 0.99999389 0.010184201
0.99999508 0.0023331594 0.0020949353 -0.9619903 -0.0023228839 0.99998533 -0.0048940647 0.0022373154 -0.0021063232 0.0048891743 0.99998583 0.019176712
0.99999832 0.0011564623 -0.0014240523 -1.0054423 -0.0011574099 0.99999911 -0.0006647427 -0.0093231122 0.0014232823 0.00066638979 0.99999877 -0.041418644
0.99999665 0.0011088973 -0.0023402314 -1.0125408 -0.0011207637 0.99998649 -0.0050753907 -0.004225574 0.0023345717 0.0050779965 0.99998438 0.012299258
0.99999881 0.00014371505 -0.0015339845 -1.016909 -0.00014972646 0.99999231 -0.0039194279 0.0058676563 0.0015334094 0.0039196529 0.99999114 -0.020362529
0.99999884 0.0012919485 -0.00080472906 -1.0250694 -0.0012924515 0.99999897 -0.00062488632 -0.0064392425 0.00080392091 0.00062592567 0.99999948 -0.020667685
0.99999419 0.00064386667 -0.0033464667 -1.0066288 -0.00063586504 0.99999694 0.0023915821 -0.013778571 0.0033479963 -0.0023894403 0.99999154 -0.03323084
0.99999474 0.00018176805 -0.003239638 -1.000492 -0.00018851706 0.99999781 -0.0020830773 -0.016406963 0.0032392523 0.0020836771 0.99999258 0.011144281
0.99999964 0.00033890084 -0.00077158 -0.98807611 -0.0003394838 0.99999966 -0.00075554222 -0.0084101272 0.00077132368 0.00075580389 0.99999942 0.010393349
0.99999835 -0.00047863566 0.0017525673 -1.0212383 0.0004781977 0.99999985 0.00025030832 0.0076044403 -0.0017526868 -0.00024946983 0.99999843 -0.013062118
0.99999713 0.00091319104 0.0022151389 -0.98318267 -0.00090963327 0.9999983 -0.0016065913 0.001558051 -0.0022166022 0.0016045717 0.99999626 -0.00666697
0.99999931 0.0009214807 0.0007243567 -0.95993128 -0.00091959417 0.9999962 -0.0026004538 -0.0063820414 -0.00072675021 0.0025997859 0.99999636 -0.0093303566
0.99999954 0.00018183052 -0.00094275335 -1.0148468 -0.00018164536 0.99999996 0.00019648702 -0.0019235378 0.00094278905 -0.00019631568 0.99999954 -0.037130615
0.99999694 0.0021446443 -0.0012361156 -0.97300032 -0.0021409307 0.99999321 0.0029977613 -0.012032997 0.0012425363 -0.0029951057 0.99999474 0.0053462588
0.99999922 0.00045161261 0.0011641654 -0.99491691 -0.00045298504 0.9999992 0.0011788957 -0.0057376067 -0.0011636321 -0.0011794221 0.99999863 -0.0045305247
0.99999254 -6.1795699e-05 0.0038611718 -0.99028546 8.7021459e-05 0.99997865 -0.0065333613 -0.01903206 -0.0038606857 0.0065336486 0.9999712 0.016083634
0.99999581 -4.3877603e-05 0.0028959115 -0.99547355 5.2485085e-05 0.99999558 -0.0029722786 -0.00040900678 -0.0028957682 0.0029724181 0.99999139 -0.033274261
0.99999625 0.00063264523 -0.0026643627 -0.95276013 -0.00062327789 0.99999363 0.0035151537 -0.0056324423 0.0026665696 -0.0035134799 0.99999027 -0.002965168
0.99999538 0.00035640825 -0.003017443 -0.97445324 -0.00034494453 0.99999272 0.0037988207 -0.0023418054 0.003018775 -0.0037977623 0.99998823 -0.029947205
0.99999858 0.0011574806 -0.0012242859 -0.96498436 -0.001156878 0.99999921 0.00049275456 0.0055920142 0.0012248553 -0.00049133751 0.99999913 -0.0074821613
0.99999992 -9.3853396e-05 0.00037776822 -0.96951267 9.3451873e-05 0.99999943 0.0010627609 -0.0054096512 -0.00037786775 -0.0010627255 0.99999936 -0.0099118004
0.99999984 0.00039405717 0.00039744003 -0.94576767 -0.00039591067 0.999989 0.0046743306 0.0039350584 -0.0003955937 -0.0046744872 0.999989 -0.017918296
0.9999993 0.0011190702 0.00037564533 -0.95075784 -0.0011193007 0.99999919 0.00061393602 -0.00092748905 -0.00037495799 -0.00061435605 0.99999974 -0.0094619969
0.99999639 0.00016425898 -0.0026825946 -0.95787327 -0.00015952914 0.99999843 0.0017632791 0.0025260922 0.00268288 -0.0017628448 0.99999485 -0.01994736
0.99998446 0.000527464 -0.0055491631 -0.96898115 -0.00048653759 0.99997269 0.0073740071 0.0086561458 0.0055529011 -0.0073711926 0.99995741 -0.014895596
0.9999953 0.00055089828 -0.0030156699 -0.97843233 -0.00056176473 0.99999335 -0.0036036672 -0.0026506846 0.0030136646 0.0036053444 0.99998896 0.0058293761
0.99999686 0.0014307833 0.0020550832 -0.94918914 -0.0014360363 0.9999957 0.0025569175 0.0032444671 -0.0020514159 -0.0025598607 0.99999462 -0.001080413
0.99997367 0.0016318567 0.0070709238 -0.90798406 -0.0016453388 0.99999684 0.0019012937 -0.018366495 -0.0070677988 -0.0019128777 0.99997319 -0.0098672191
0.99998088 0.00085102437 0.0061251288 -0.91796481 -0.0008200086 0.99998684 -0.0050644252 -0.015508982 -0.0061293581 0.0050593057 0.99996842 -0.008748248
0.99999987 0.00050031252 -0.00012331643 -0.89668402 -0.00050122403 0.9999717 -0.0075059458 -0.0195233 0.00011955762 0.0075060066 0.99997182 0.0080976025
0.9999985 0.00055995564 -0.0016370525 -0.88278858 -0.0005665161 0.9999918 -0.0040097718 -0.00069058245 0.0016347937 0.0040106932 0.99999062 -0.029274208
0.9999971 0.0011164627 -0.0021344773 -0.87898925 -0.0011132211 0.99999823 0.0015192752 -0.0048465724 0.0021361697 -0.0015168947 0.99999657 -0.023953334
0.99999909 0.001351406 -5.3645799e-05 -0.88680808 -0.0013513373 0.99999829 0.0012597165 -0.0040967553 5.5348096e-05 -0.0012596428 0.99999921 -0.0042892015
0.99999847 0.0011201701 -0.0013415165 -0.88175362 -0.0011243259 0.99999456 -0.0031010849 -0.0099698501 0.0013380354 0.0031025884 0.99999429 0.0059940703
0.99999762 0.0021473844 -0.00037566088 -0.84329038 -0.0021477881 0.99999711 -0.001077467 -0.0086981077 0.00037334606 0.0010782713 0.99999935 -0.0093487732
0.99999875 0.0015333751 -0.00039313408 -0.83756125 -0.0015334087 0.99999882 -8.5251265e-05 -0.00086771783 0.00039300289 8.5853993e-05 0.99999992 -0.02150845
0.99999862 0.0011583704 -0.0011903876 -0.81656194 -0.0011614408 0.99999599 -0.0025818394 -0.0082264386 0.0011873921 0.0025832184 0.99999596 -0.017160104
0.99999879 0.0011934663 -0.00099478798 -0.80990239 -0.0011954324 0.99999733 -0.0019780661 0.003182304 0.00099242457 0.0019792529 0.99999755 -0.021555942
0.99999244 0.0013544144 -0.0036459283 -0.80119289 -0.0013484915 0.99999777 0.0016264779 -0.01201481 0.0036481231 -0.0016215491 0.99999203 -0.020807104
0.99999274 0.0021484725 -0.0031466109 -0.79404685 -0.0021500499 0.99999756 -0.0004980055 -0.0080100446 0.0031455333 0.00050476725 0.99999493 0.016237326
0.9999975 0.00061777274 0.002149727 -0.74982462 -0.00061216564 0.99999641 -0.0026079685 -0.0063627151 -0.0021513304 0.002606646 0.99999429 -0.025155079
0.99997307 0.0012214655 0.0072361462 -0.73785483 -0.0012119781 0.9999984 -0.001315347 -0.001526276 -0.0072377413 0.0013065415 0.99997295 -0.0092573251
0.99997894 0.0010974181 0.0063968116 -0.71574627 -0.001097809 0.9999994 5.7606094e-05 0.0016121364 -0.0063967445 -6.4627358e-05 0.99997954 -0.015049473
0.99999748 0.00031758905 0.0022238024 -0.68680529 -0.00031541454 0.99999947 -0.00097811968 -0.0091385304 -0.0022241119 0.00097741579 0.99999705 -0.0027121385
0.99999522 0.0010561245 -0.0029054469 -0.67397783 -0.0010595835 0.99999873 -0.0011892613 -0.012629574 0.0029041872 0.0011923341 0.99999507 -0.006859537
0.99999678 0.0011214105 -0.0022782973 -0.65363058 -0.0011253424 0.99999788 -0.0017252445 -0.00034059107 0.0022763578 0.0017278028 0.99999592 -0.018117107
0.99999757 0.00052460737 0.0021418705 -0.64074747 -0.00053008686 0.99999659 0.0025585086 -0.0087536695 -0.002140521 -0.0025596378 0.99999443 0.0063635799
0.99998673 1.9534171e-05 0.0051518952 -0.61971311 -7.0009162e-05 0.999952 0.0097973654 0.0036780701 -0.0051514566 -0.009797596 0.99993873 -0.026214306
0.99999246 -0.00016225493 0.0038806937 -0.60457487 0.00014367658 0.99998853 0.0047871805 0.011143478 -0.003881426 -0.0047865868 0.99998101 -0.0039448494
0.99999518 -0.0025928178 0.0017104706 -0.58553404 0.0025962745 0.99999459 -0.0020218105 -0.0017431916 -0.0017052191 0.0020262416 0.99999649 0.0024342709
0.99998683 -0.0041907041 -0.0029625337 -0.55086053 0.0041787902 0.9999832 -0.0040163685 -0.011507921 0.0029793154 0.0040039358 0.99998755 0.010751847
0.9999823 -0.0056024158 -0.0020039473 -0.57001227 0.0056003872 0.9999838 -0.0010164969 0.0040835216 0.0020096096 0.0010052561 0.99999748 -0.040747194
0.99997906 -0.0051720322 -0.0038901751 -0.55258422 0.0051747968 0.99998636 0.00070092276 0.0026095431 0.0038864968 -0.00072103895 0.99999219 0.0045220691
0.999966 -0.0074292966 -0.0035773772 -0.54592979 0.0074591912 0.99993676 0.0084170282 0.0040197021 0.0035146183 -0.0084434264 0.99995818 -0.002885545
0.99995279 -0.0096086052 -0.0014459365 -0.51917559 0.009608744 0.99995383 8.9130466e-05 -0.010216306 0.0014450133 -0.00010301989 0.99999895 0.0021506537
0.99989114 -0.014754695 -0.00010136138 -0.48843504 0.014753699 0.9998692 -0.0066263704 -0.016057834 0.0001991182 0.0066241536 0.99997804 -0.031728394
0.99984766 -0.017436937 -0.00077944832 -0.46374429 0.017431663 0.99982804 -0.0063267316 0.0096098485 0.0008896331 0.0063121807 0.99997968 -0.020318394
0.99978005 -0.020971782 0.00019149591 -0.47156809 0.020972196 0.99977693 -0.0025025274 0.0018427225 -0.00013897073 0.0025059931 0.99999685 0.0024238704
0.99967501 -0.025427372 -0.0018203566 -0.44854984 0.025432253 0.99967287 0.0027106132 0.020652178 0.0017508373 -0.0027560281 0.99999467 -0.0075601623
0.99960427 -0.028047031 -0.0021626991 -0.45262861 0.028052912 0.99960269 0.0027387275 0.0014509105 0.0020850267 -0.0027983137 0.99999391 -0.0049939339
0.99947717 -0.032240726 -0.002434816 -0.46045773 0.032243998 0.99947916 0.0013166143 0.016110862 0.0023910993 -0.0013944342 0.99999617 -0.00079546457
0.9993095 -0.037123009 -0.0015492735 -0.42894446 0.037123927 0.99931051 0.00056812708 0.016745165 0.0015271147 -0.0006252499 0.99999864 0.0012876631
0.9991611 -0.040949275 -0.00049866745 -0.43318771 0.040948844 0.99916089 -0.00084467218 0.011688258 0.00053283773 0.00082354373 0.99999952 -0.015892545
0.99899627 -0.044790893 -0.00047225241 -0.43034732 0.044791144 0.99899623 0.00053595781 0.0003024882 0.00044777235 -0.00055657258 0.99999974 0.0014208339
0.99880934 -0.048732261 0.0022525925 -0.42491419 0.04873534 0.99881084 -0.0013329 0.011740273 -0.0021849586 0.0014410938 0.99999657 0.0047130739
0.99854006 -0.053979869 0.0019828542 -0.42253443 0.053985882 0.99853684 -0.0031154562 0.036797242 -0.001811781 0.003217954 0.99999318 -0.033012901
0.99828319 -0.058568682 0.00062425811 -0.39998091 0.058569158 0.99828305 -0.00077350922 0.032233188 -0.00057788287 0.00080874352 0.99999951 -0.0071657661
0.99800677 -0.063106701 0.00019488825 -0.37453567 0.063106281 0.99800537 0.0016977316 -0.013001424 -0.00030163776 -0.001682049 0.99999854 0.013955194
0.99784693 -0.065585852 -1.0766353e-06 -0.35645561 0.065585777 0.99784577 0.0015276117 0.0093844179 -9.9115401e-05 -0.0015243933 0.99999883 0.019970966
0.99785346 -0.065465897 0.0016368771 -0.37929224 0.065462409 0.99785282 0.0021009266 0.02174591 -0.0017709015 -0.001989263 0.99999645 -0.014436425
0.99794357 -0.064095215 -0.00065819835 -0.38761153 0.064096061 0.99794281 0.0013564803 0.040665613 0.00056990041 -0.0013958787 0.99999886 -0.015610983
0.99786843 -0.065256084 -0.0004901968 -0.3721499 0.065255419 0.99786779 -0.0012692885 0.018101347 0.0005719804 0.0012345949 0.99999907 -0.0017361703
0.99799424 -0.063269044 -0.0021283402 -0.39011246 0.063264003 0.99799404 -0.002357557 0.024143689 0.0022732312 0.002218181 0.99999496 -0.018274629
0.99798295 -0.063428482 -0.0026192403 -0.37263044 0.063432484 0.99798504 0.0014741489 0.013257978 0.0025204596 -0.0016373204 0.99999548 0.005532013
0.99805795 -0.062289269 0.00061461045 -0.35738371 0.062287421 0.99805468 0.002669826 0.046623203 -0.00077971635 -0.0026263586 0.99999625 0.0013927033
0.99824704 -0.059184714 -0.00012539205 -0.38688494 0.059184511 0.99823199 0.005484605 0.016289753 -0.00019943442 -0.005482412 0.99998495 -0.013950121
0.9984628 -0.055425501 0.00021316309 -0.3856538 0.055425699 0.99846224 -0.0010756974 0.040338854 -0.00015321422 0.0010858586 0.9999994 -0.0046618154
0.99846237 -0.055408098 0.0016845913 -0.38900467 0.055413711 0.99845738 -0.0034909561 0.015706934 -0.0014885654 0.0035789378 0.99999249 -0.011870402
0.99860076 -0.052867216 0.0012531875 -0.37664674 0.052871355 0.99859506 -0.0035386524 0.010196284 -0.0010643481 0.0035999587 0.99999295 -0.0049698542
0.99887024 -0.047520155 0.00028006372 -0.37615392 0.047518033 0.99885658 0.0052505843 0.025279294 -0.00052925207 -0.0052313443 0.99998618 0.036458224
0.99901665 -0.044304426 -0.0016883732 -0.37371451 0.044322587 0.99893368 0.01292327 0.029921408 0.0011140148 -0.012985395 0.99991507 -0.010831117
0.99921665 -0.039450019 -0.0031284166 -0.34690878 0.039473263 0.99919055 0.0077532875 0.027176683 0.002820017 -0.0078707028 0.99996505 -0.026088839
0.99933075 -0.036565497 -0.0010110891 -0.3887004 0.036563875 0.99933007 -0.0015786563 0.0023574951 0.0010681361 0.0015406305 0.99999824 0.004156322
0.99944075 -0.033247784 0.0035731225 -0.39455979 0.033279144 0.99940459 -0.0091081 0.0012979812 -0.0032681709 0.0092219168 0.99995214 -0.011166748
0.99956454 -0.028858218 0.0061594966 -0.39368449 0.028903902 0.99955435 -0.0074612317 0.004534535 -0.0059414338 0.0076360161 0.99995319 -0.0028056645
0.99963989 -0.026618785 0.0033958644 -0.39039187 0.026617712 0.99964562 0.00036098333 0.0058211919 -0.0034042699 -0.0002704632 0.99999417 0.004297301
0.99971269 -0.023899864 0.0018254873 -0.41710728 0.023891493 0.99970453 0.004477541 -0.0029504817 -0.0019319605 -0.0044326409 0.99998831 1.0451488e-05
0.99976184 -0.021447463 0.0040338898 -0.41135016 0.021419556 0.99974719 0.0068384171 0.023220538 -0.0041795367 -0.0067503843 0.99996848 0.01471023
0.99977893 -0.019942524 0.0066617121 -0.41603153 0.01990974 0.99978952 0.004951913 0.019085762 -0.0067590636 -0.0048181854 0.99996555 0.0020038961
0.99982411 -0.018535747 0.0028586403 -0.46128405 0.018544216 0.99982365 -0.002964955 -0.0054667823 -0.0028031785 0.0030174447 0.99999152 -0.019655018
0.9998643 -0.016069005 -0.0036281892 -0.47211243 0.016051447 0.99985956 -0.0048177178 0.002065105 0.0037050956 0.0047588263 0.99998181 -0.0093723079
0.99989341 -0.013479974 -0.005608223 -0.47552923 0.013462048 0.99990419 -0.0032220296 -0.0067664482 0.0056511185 0.003146188 0.99997908 -6.6043322e-05
0.99991248 -0.013040903 -0.002228292 -0.4872655 0.013048896 0.99990834 0.0036109014 0.0091563506 0.0021809983 -0.0036396621 0.999991 0.022896536
0.99993213 -0.011538717 -0.0016090954 -0.50554539 0.011545889 0.99992312 0.0045212832 0.0023223018 0.0015568019 -0.0045395548 0.99998848 0.021128614
0.99995405 -0.009414247 0.001810648 -0.52063635 0.0094115587 0.9999546 0.0014875571 0.017445599 -0.00182457 -0.0014704477 0.99999725 -0.011192405
0.99996504 -0.008230279 0.0014794529 -0.53307613 0.0082262005 0.9999624 0.0027420312 0.014735918 -0.001501965 -0.002729765 0.99999515 -0.026185503
0.99998869 -0.004733042 0.00045904017 -0.56324297 0.00473183 0.99998541 0.0026062902 -0.0047492906 -0.00047136915 -0.0026040886 0.9999965 0.00071486935
0.99998152 -0.0060470468 0.00062789846 -0.5568875 0.0060457227 0.99997954 0.0020897042 0.018426972 -0.00064052215 -0.0020858695 0.99999762 0.0052180219
0.99998305 -0.0058215248 -3.2780583e-05 -0.5892841 0.0058214922 0.99998263 -0.00091995942 0.0028586288 3.813558e-05 0.000919753 0.99999958 0.0081855393
0.99998912 -0.0046605203 0.00020578022 -0.59497122 0.0046602602 0.99998836 0.0012466532 -0.01806768 -0.00021158788 -0.0012456807 0.9999992 0.0027023499
0.99999423 -0.0033965899 2.9753275e-05 -0.61273924 0.00339644 0.99998589 0.004083898 0.010554701 -4.3624182e-05 -0.0040837734 0.99999166 -0.0072091295
0.99999586 -0.0028435236 -0.0004417353 -0.62082768 0.002843038 0.99999536 -0.0010961045 0.027981024 0.00044485005 0.0010948441 0.9999993 0.0042079181
0.99999668 -0.0025719052 0.00015785043 -0.67907395 0.0025715051 0.99999361 0.0024844859 -0.011365099 -0.00016423928 -0.0024840717 0.9999969 -0.016632515
0.99999942 -0.0010773595 4.845953e-05 -0.66413695 0.0010772291 0.999996 0.0026160228 -0.015811027 -5.1277733e-05 -0.002615969 0.99999658 -0.0014243165
0.99999923 0.0011266299 -0.00052000008 -0.69582016 -0.0011242444 0.99998895 0.0045651733 0.00017012077 0.00052513759 -0.0045645852 0.99998944 0.0037303136
0.99999903 0.0013091832 -0.00047861192 -0.71527052 -0.0013094792 0.99999895 -0.00061852618 0.00082133388 0.00047780165 0.00061915231 0.99999969 -0.0065476779
0.99999363 0.0035693256 -7.7242268e-05 -0.72031131 -0.0035693877 0.99999329 -0.0008206527 -0.00067866235 7.4312573e-05 0.00082092318 0.99999966 0.0086096764
0.99998464 0.0055183215 -0.00052545145 -0.75611851 -0.0055168917 0.99998118 0.0026848905 0.017299554 0.00054025765 -0.0026819504 0.99999626 0.0013680163
0.99998525 0.0054041608 -0.00055035952 -0.76210209 -0.0054043183 0.99998536 -0.00028504523 -0.0032099997 0.00054881103 0.00028801534 0.99999981 -0.020419141
0.99999241 0.0036321379 -0.0014125944 -0.77280713 -0.0036316219 0.99999334 0.00036772822 0.0007499874 0.0014139207 -0.00036259542 0.99999893 -0.0040474964
0.99999433 0.0029373741 -0.0016458819 -0.77489827 -0.0029398332 0.99999456 -0.0014936501 0.0034479606 0.0016414855 0.0014984803 0.99999753 0.0019822085
0.99998537 0.0052989306 -0.00108414 -0.78805116 -0.0053010829 0.99998396 -0.001992066 -0.0055229309 0.0010735668 0.001997784 0.99999743 0.011773345
0.99999055 0.0043466539 7.4456763e-05 -0.8080524 -0.0043466646 0.99999054 0.00014364322 -0.0044194374 -7.3831692e-05 -0.00014396551 0.99999999 0.00088220141
0.99999506 0.0024853111 0.0019256195 -0.8013622 -0.0024803949 0.99999367 -0.0025512476 -0.013499242 -0.001931948 0.0025464587 0.99999489 -0.012218568
0.99998105 0.0036413681 0.0049630937 -0.82404244 -0.0036362716 0.99999285 -0.0010355241 -0.0046545859 -0.004966829 0.0010174573 0.99998715 -0.00029036116
0.99998907 -0.00034561777 0.0046616723 -0.8219722 0.000392424 0.99994949 -0.010043477 -0.0033105899 -0.0046579656 0.010045196 0.9999387 -0.0097677942
0.99999895 -0.0014449794 8.5318847e-05 -0.79756867 0.001445378 0.99998708 -0.0048725723 -0.008125424 -7.8276978e-05 0.0048726905 0.99998813 -0.010579818
0.99999782 -0.00084655571 -0.0019075643 -0.8179696 0.00084951023 0.99999844 0.0015485656 -0.014267635 0.0019062504 -0.0015501827 0.99999698 0.00014060673
0.99999802 -0.00048325529 -0.0019327343 -0.85542428 0.00048926635 0.99999504 0.0031108673 0.0039255258 0.0019312214 -0.0031118068 0.99999329 -0.013979571
0.99999837 0.0014454569 -0.0010822425 -0.82382397 -0.0014496471 0.99999142 -0.0038810702 -0.021829183 0.0010766233 0.0038826327 0.99999188 -0.0020472324
0.99999955 0.00046221153 -0.00082635643 -0.80704073 -0.00046308638 0.99999933 -0.0010588049 -0.0048192492 0.00082586649 0.0010591871 0.9999991 0.004217881
0.99999922 0.00073013668 0.0010107379 -0.80471857 -0.0007298251 0.99999969 -0.0003086063 -0.012243518 -0.0010109629 0.0003078684 0.99999944 -0.0070110882
0.99999826 -0.0016938347 0.00077919345 -0.85678054 0.0016987574 0.99997833 -0.006361066 -0.00033381382 -0.00076840197 0.0063623786 0.99997946 -0.0074753067
0.99999579 -0.0028982808 0.00012161687 -0.80158679 0.0028988401 0.99998388 -0.0048822711 -0.0039511813 -0.00010746472 0.0048826031 0.99998807 -0.021523713
0.99999183 -0.0035921879 -0.0018551601 -0.79677337 0.0035914092 0.99999346 -0.00042292342 -0.017692709 0.0018566672 0.00041625732 0.99999819 -0.014056531
0.99998801 -0.0045763474 -0.0017422679 -0.81502877 0.0045787545 0.99998857 0.0013801154 -0.010919421 0.001735932 -0.0013880763 0.99999753 -0.0038881131
0.99997884 -0.0062207016 -0.001905218 -0.81744488 0.0062147658 0.99997587 -0.0031057956 -0.011781235 0.0019244922 0.0030938893 0.99999336 -0.027065552
0.99997432 -0.0071620536 -0.00025542759 -0.81788463 0.0071623707 0.99997355 0.0012626854 -0.0086178626 0.00024637741 -0.0012644824 0.99999917 0.00025458805
0.99994946 -0.0099860769 0.0011600604 -0.80058343 0.0099888332 0.99994724 -0.0023950401 -0.0014289351 -0.0011360822 0.0024065067 0.99999646 -0.017795177
0.99993728 -0.01116323 -0.0009024505 -0.78712295 0.01116799 0.99992276 0.0054540049 0.014707829 0.00084149648 -0.0054637414 0.99998472 0.0049145254
0.99994229 -0.010741864 -0.0001808601 -0.84130685 0.010740556 0.99992357 -0.0061226996 -0.00035221718 0.00024661549 0.0061204037 0.99998124 -0.019300538
0.99995004 -0.0098430859 -0.0017384043 -0.81080003 0.009841865 0.99995132 -0.00070944445 -0.011375711 0.0017453028 0.00069229987 0.99999824 0.00049768342
0.99992464 -0.012216113 -0.0012166272 -0.79078003 0.0122149 0.9999249 -0.0009997382 0.00085986168 0.0012287487 0.00098480188 0.99999876 -0.018238484
0.9999239 -0.012280684 0.0011714263 -0.77566493 0.012282682 0.99992309 -0.0017147506 0.004782825 -0.0011502779 0.0017290084 0.99999784 -0.011082262
0.99994993 -0.010004555 0.00019139183 -0.79255793 0.010003487 0.99993775 0.0049419177 -0.018639397 -0.00024082161 -0.0049397556 0.99998777 -0.025737323
0.99994835 -0.010153434 0.00044531783 -0.76661089 0.010151668 0.99994124 0.0038032749 -0.0015012211 -0.00048390797 -0.0037985578 0.99999267 -0.016487963
0.99994871 -0.010039939 0.0013366176 -0.77906572 0.01004115 0.99994918 -0.00090266002 -0.0019657369 -0.001327487 0.0009160349 0.9999987 0.0012910683
0.9999349 -0.011314724 0.0014727961 -0.78644759 0.011321281 0.99992569 -0.0045222933 -0.002636302 -0.0014215181 0.0045386729 0.99998869 -0.018026522
0.99995493 -0.0094850094 -0.00041380208 -0.7585496 0.0094842565 0.99995343 -0.0017849205 -0.0059455433 0.00043071279 0.0017809155 0.99999832 -0.0045507598
0.99995514 -0.0094711828 8.6697429e-05 -0.72866524 0.0094710097 0.9999535 0.001817389 -0.0083848866 -0.00010390622 -0.0018164863 0.99999834 -0.0091768157
0.99996231 -0.0086818212 -9.3223664e-05 -0.73769594 0.0086817927 0.99996227 -0.00030214659 0.012630336 9.5843329e-05 0.00030132585 0.99999995 -0.01037452
0.99996429 -0.0083373602 -0.0013777145 -0.73552961 0.0083370337 0.99996522 -0.00024254215 0.011686589 0.0013796887 0.00023104744 0.99999902 -0.026322167
0.99997234 -0.0067648919 -0.0030907079 -0.72125688 0.0067803879 0.99996436 0.0050310736 -0.0061490279 0.0030565631 -0.0050518906 0.99998257 0.016440637
0.99999385 -0.0032975197 -0.0011932694 -0.72082822 0.0032991014 0.99999368 0.0013260383 -0.0058196494 0.0011888892 -0.0013299669 0.99999841 -0.019684816
0.99999368 -0.0031946155 -0.001559659 -0.72006346 0.0031945129 0.9999949 -6.8266887e-05 0.0057367164 0.0015598691 6.3284105e-05 0.99999878 -0.018448076
0.99999796 -0.0019941583 0.00031454992 -0.72649417 0.0019940707 0.99999797 0.00027854909 -0.006704243 -0.00031510475 -0.00027792129 0.99999991 0.00052743447
0.99999901 -0.0010207669 -0.00096513284 -0.67316755 0.0010194622 0.99999857 -0.0013514346 0.00029788237 0.00096651096 0.0013504493 0.99999862 0.024263551
1 7.1502783e-05 6.4126955e-05 -0.65056486 -7.2007515e-05 0.99996875 0.0079056715 0.0027367174 -6.3559674e-05 -0.0079056761 0.99996875 -0.030455931
0.99999773 0.0013084882 0.0016825482 -0.66143648 -0.0013046398 0.99999654 -0.0022863389 -0.0025651357 -0.001685534 0.0022841386 0.99999597 -0.011482241
0.99999169 0.003948718 0.0010124008 -0.61530343 -0.0039489941 0.99999217 0.00027083723 -0.003749668 -0.0010113234 -0.00027483295 0.99999945 -0.014204328
0.99997804 0.0065991624 0.00061418773 -0.58108839 -0.0065991224 0.99997822 -6.7053281e-05 -0.0086822493 -0.00061461685 6.2998708e-05 0.99999981 -0.023719816
0.99994128 0.010805891 0.00081507728 -0.59472137 -0.01080359 0.99993778 -0.0027766729 0.0071396708 -0.00084503099 0.0027677041 0.99999581 0.0021979506
0.99990251 0.01395033 0.00059561887 -0.58059412 -0.01395047 0.99990266 0.00023117307 -0.011842708 -0.00059233595 -0.0002394597 0.9999998 -0.0080725983
0.99987724 0.015656311 0.00061409652 -0.572361 -0.015657491 0.99987548 0.001967114 -0.0094891749 -0.0005832223 -0.0019764878 0.99999788 -0.0089396201
0.99980895 0.019409617 0.0023070371 -0.56249417 -0.019402943 0.99980759 -0.0028807954 -0.012621562 -0.0023625084 0.0028354817 0.99999319 0.0018201571
0.99972651 0.023231651 0.0026834153 -0.50709048 -0.023227168 0.99972878 -0.0016898121 -0.014389057 -0.0027219447 0.0016270218 0.99999497 -0.018404982
0.99958581 0.028671139 0.0024855159 -0.53661068 -0.028672004 0.99958882 0.00031330347 -0.037156265 -0.0024755111 -0.00038443842 0.99999686 -0.0079388408
0.99947226 0.032458311 0.00128619 -0.50557962 -0.032459011 0.99947293 0.00052692293 -0.013047477 -0.0012684091 -0.00056839331 0.99999903 -0.0074463115
0.99934391 0.036184087 -0.0015708218 -0.54925273 -0.036186218 0.99934415 -0.001350026 -0.011075125 0.0015209421 0.0014059823 0.99999785 0.0016745158
0.9991521 0.041132376 -0.0017894407 -0.54905051 -0.041133847 0.99915333 -0.00079328935 -0.0071238981 0.0017552957 0.00086622331 0.99999808 0.0057644357
0.99902129 0.043969599 -0.0048095399 -0.51902569 -0.043963131 0.99903211 0.0014423826 -0.024494283 0.0048683058 -0.0012295285 0.99998739 -0.0040086262
0.99881159 0.048618017 -0.0034198853 -0.51686352 -0.048625765 0.9988146 -0.0022202397 -0.048445486 0.0033078877 0.0023838957 0.99999169 0.00039162114
0.99870453 0.05079827 -0.0029672101 -0.4881812 -0.050815528 0.99868965 -0.0060636458 -0.044867247 0.0026552993 0.0062065709 0.99997721 -0.030101808
0.99843178 0.055970043 -0.0011530684 -0.4757004 -0.055971389 0.99843169 -0.0011697857 -0.04170352 0.001085787 0.00123249 0.99999865 -0.010724127
0.99826872 0.058799738 0.0014650816 -0.47760664 -0.05880393 0.99826503 0.0030046771 -0.040215264 -0.0012858655 -0.0030856277 0.99999441 0.0063114881
0.99793365 0.064123176 0.0040796246 -0.48903876 -0.064121151 0.99794193 -0.00062545005 -0.027864732 -0.0041113343 0.00036256743 0.99999148 -0.021974707
0.99766246 0.068262681 0.0031342748 -0.47743473 -0.068274076 0.9976598 0.0036851127 -0.021642379 -0.0028753843 -0.0038904883 0.9999883 -0.018321363
0.99751466 0.07010048 0.0071008976 -0.48871412 -0.070105115 0.99753953 0.00040555663 -0.051182822 -0.0070549964 -0.00090235793 0.99997471 0.024642868
0.99759487 0.069188512 0.0041752813 -0.49832842 -0.06918658 0.99760355 -0.00060560591 -0.04545801 -0.0042071764 0.00031527591 0.9999911 0.0096140044
0.99752906 0.070245447 0.0011588379 -0.45934251 -0.070246733 0.99752903 0.0011089265 -0.013515374 -0.0010780774 -0.001187591 0.99999871 -0.0038414906
0.99761372 0.069023549 0.0016190175 -0.45438945 -0.069025056 0.99761453 0.00089445467 -0.0086972339 -0.0015534169 -0.001004073 0.99999829 -0.006159926
0.99761094 0.068937816 -0.0044710164 -0.4924653 -0.068938175 0.99762093 7.4049911e-05 -0.03632021 0.0044654843 0.0002343507 0.99999 -0.0033503924
0.99773806 0.067040779 -0.0049285174 -0.49175281 -0.067035686 0.99774987 0.0011915496 -0.033835583 0.00499731 -0.00085846781 0.99998714 0.017814531
0.99776726 0.066534853 -0.005798011 -0.46695238 -0.066536013 0.99778402 -7.1425049e-06 -0.053145409 0.0057846875 0.00039290309 0.99998319 -0.014007553
0.99797195 0.06341009 -0.0055807135 -0.44737058 -0.063411884 0.99798743 -0.00014483233 -0.022802893 0.0055602981 0.00049842216 0.99998442 -0.01715035
0.99823341 0.059248495 -0.0044366209 -0.44827538 -0.059254877 0.99824201 -0.0013210337 -0.026605379 0.0043505521 0.0015815914 0.99998929 -0.030382578
0.99861872 0.052459753 -0.0029371525 -0.48175144 -0.052466844 0.9986198 -0.0023916106 -0.015412641 0.0028076354 0.0025424102 0.99999283 -0.0078212491
0.99899733 0.044701458 -0.002472239 -0.47501357 -0.044716525 0.9989791 -0.0064180098 -0.046572307 0.0021828207 0.0065221246 0.99997635 0.0074353183
0.99925399 0.038603457 0.0011136647 -0.45858732 -0.038599579 0.99924926 -0.0033150253 -0.012608031 -0.0012408001 0.0032695653 0.99999389 -0.0071411422
0.99951174 0.031214829 0.0013837343 -0.44119812 -0.031210643 0.99950847 -0.0029503359 -0.016989552 -0.0014751484 0.0029057082 0.99999469 0.020078406
0.99964401 0.026673556 0.00060848774 -0.46957873 -0.026675156 0.99964025 0.002793576 -0.010952228 -0.00053375423 -0.0028088131 0.99999591 -0.0073887985
0.99983769 0.018012745 0.00036809026 -0.48717718 -0.018013815 0.99983279 0.0031463644 0.0079610626 -0.00031135405 -0.0031524844 0.99999498 -0.003089402
0.9999143 0.013089523 -0.00024900117 -0.50328294 -0.013090222 0.99990967 -0.0030489571 -0.016523358 0.00020906929 0.0030519553 0.99999532 -0.0091198084
0.99994746 0.010245722 0.00032832424 -0.50742842 -0.010244277 0.99993898 -0.0041352828 -0.01363196 -0.00037067317 0.0041317021 0.9999914 0.0014021151
0.99997749 0.006585695 0.0012852736 -0.52030205 -0.0065800576 0.99996892 -0.0043422052 -0.01246256 -0.0013138301 0.0043336503 0.99998975 -0.019532985
0.99998984 0.0032304855 0.0031448931 -0.51185959 -0.0032117161 0.99997711 -0.0059550619 -0.016215026 -0.0031640589 0.0059449008 0.99997732 0.01009273
0.99999321 0.0013883439 0.0034128077 -0.53182615 -0.0013769927 0.99999352 -0.0033261578 -0.011334813 -0.0034174035 0.0033214358 0.99998864 -0.0095562389
0.99999153 -0.0019067388 0.0036476166 -0.54740574 0.0018929846 0.9999911 0.0037704692 0.0025892438 -0.0036547734 -0.0037635324 0.99998624 0.022463056
0.99997622 -0.0037200982 0.0058077333 -0.55691443 0.0037015755 0.99998804 0.003196803 0.014976237 -0.0058195563 -0.0031752292 0.99997803 0.0016494618
0.99998266 -0.0045494695 0.0037396648 -0.58202469 0.0045496389 0.99998965 -3.6784771e-05 0.0019044733 -0.0037394588 5.3798258e-05 0.99999301 -0.014885264
0.99998875 -0.0047162725 0.00051022754 -0.59249833 0.0047196946 0.99996486 -0.0069277753 -0.022264528 -0.00047753634 0.0069301054 0.99997587 -0.012887567
0.99998172 -0.0048972831 -0.0035466667 -0.61064173 0.0048816896 0.99997844 -0.004392049 -0.0046122414 0.0035680993 0.004374655 0.99998407 0.0089129928
0.99997947 -0.0043217794 -0.0047303821 -0.62283032 0.0043245853 0.99999048 0.00058310238 -0.0023136695 0.004727817 -0.00060354736 0.99998864 0.013728788
0.99997891 -0.0038376528 -0.0052394111 -0.62838582 0.0038557846 0.9999866 0.0034549412 -0.0097763334 0.005226082 -0.0034750704 0.99998031 -0.0081000206
0.9999873 -0.0032539818 -0.003847819 -0.64845657 0.0032698697 0.99998613 0.0041300217 -0.0097812492 0.0038343266 -0.0041425511 0.99998407 -0.00081073354
0.99999196 -0.0035948243 -0.0017742795 -0.63733049 0.0035960912 0.99999328 0.00071135837 0.015016204 0.0017717103 -0.00071773313 0.99999817 -0.0022073769
0.99999834 -0.00034977945 0.0017907378 -0.66087601 0.00033481341 0.99996507 0.0083509628 0.015098074 -0.0017935963 -0.0083503493 0.99996353 0.0051199576
0.99997861 0.00011366975 0.0065399653 -0.68322972 -0.0001492948 0.99998515 0.0054470541 -0.0052517088 -0.0065392491 -0.0054479139 0.99996378 -0.0051803528
0.99997161 -0.00098451425 0.0074699427 -0.68563228 0.00099855559 0.99999774 -0.001876215 -0.013858426 -0.0074680787 0.0018836209 0.99997034 0.0014236569
0.99998568 0.0029678292 0.0044537963 -0.6991794 -0.0029404692 0.99997684 -0.0061370904 -0.0058683916 -0.004471907 0.0061239063 0.99997125 -0.0083306183
0.99999306 0.003261375 -0.0018030351 -0.72115922 -0.0032713729 0.99997914 -0.0055702084 0.0030700615 0.001784831 0.0055760682 0.99998286 -0.0025606782
0.99996905 0.0037656957 -0.0069076036 -0.73354614 -0.0037716689 0.99999252 -0.00085189983 -0.0083220913 0.006904344 0.00087792666 0.99997578 0.0055988452
0.99997301 0.0013495111 -0.0072220173 -0.734754 -0.0013238266 0.99999279 0.0035600108 -0.013877345 0.0072267695 -0.003550354 0.99996758 0.0098843635
0.99999767 0.002005263 -0.00080058143 -0.734224 -0.0020042201 0.99999714 0.0013013205 0.010081948 0.00080318863 -0.0012997129 0.99999883 -0.008189029
0.99998151 0.0036722135 0.0048460963 -0.76669147 -0.0036569053 0.99998831 -0.0031639448 -0.00074145811 -0.0048576583 0.0031461646 0.99998325 -0.022994024
0.99997759 0.0027991074 0.0060820484 -0.76944144 -0.0028089229 0.99999477 0.0016058991 -0.0075834694 -0.0060775215 -0.0016229471 0.99998021 -0.01079499
0.9999875 0.0036243092 0.003444247 -0.78500157 -0.00361651 0.99999089 -0.0022679348 -0.016220456 -0.0034524353 0.0022554503 0.9999915 0.0082101477
0.99999127 0.0041771289 -0.00012350979 -0.80326571 -0.0041771693 0.99999122 -0.00032832295 0.0050042847 0.00012213726 0.00032883601 0.99999994 -0.00024344359
0.99999289 0.0031595047 -0.0020590773 -0.7832393 -0.0031551962 0.99999283 0.0020923368 -0.0020583949 0.0020656733 -0.0020858251 0.99999569 -0.0091050292
0.99999039 0.0031620549 -0.0030353093 -0.81383692 -0.0031494777 0.99998647 0.0041395175 0.01278571 0.0030483577 -0.0041299181 0.99998683 -0.0047805295
0.99999464 0.0020584567 -0.0025454228 -0.81064633 -0.002048282 0.99998993 0.0039934315 -0.0047747007 0.0025536174 -0.0039881964 0.99998879 0.0084536217
0.99999936 0.00019001661 -0.0011130469 -0.83069711 -0.00018727881 0.99999696 0.0024593249 0.005480689 0.0011135109 -0.0024591149 0.99999636 -0.0041149506
0.99999927 0.00082319019 -0.0008806822 -0.84599681 -0.00082495075 0.99999766 -0.002000593 -0.0086693731 0.00087903327 0.002001318 0.99999761 -0.027204861
0.99999963 0.00025743042 0.00081728479 -0.82302327 -0.00025445072 0.99999333 -0.0036438618 -0.011541271 -0.00081821738 0.0036436525 0.99999303 -0.021665272
0.99999583 -0.00080024025 0.0027762045 -0.84340245 0.00080079192 0.99999966 -0.00019760516 -0.021296396 -0.0027760454 0.0001998275 0.99999613 0.018072727
0.999997 -0.0017720613 0.0016889779 -0.86116285 0.0017812191 0.99998364 -0.0054361092 -0.022989563 -0.0016793172 0.0054391014 0.9999838 -0.012396554
0.99999686 -0.0024869126 0.00032387977 -0.82546263 0.0024905687 0.99992698 -0.011825137 -0.0080935121 -0.00029444804 0.011825907 0.99993003 -0.014228546
0.99999553 -0.002713325 -0.0012586377 -0.84336228 0.002710321 0.99999349 -0.0023823446 -0.0011431478 0.0012650936 0.0023789226 0.99999637 0.014560479
0.99999866 -0.0015889874 -0.00039768825 -0.8548087 0.0015873661 0.99999056 -0.0040442942 -0.017192149 0.00040411083 0.0040436575 0.99999174 -0.011158038
0.999996 -0.0027118172 0.0008097977 -0.86623257 0.0027118761 0.99999632 -7.1673623e-05 -0.0032156516 -0.00080960036 7.3869407e-05 0.99999967 -0.003374618
0.99999877 -0.0013139075 0.00085638132 -0.873927 0.0013110596 0.99999364 0.0033176481 0.014805584 -0.00086073496 -0.0033165212 0.99999413 -0.020732399
0.99999936 -0.00023958877 0.0011072074 -0.88051884 0.00023483919 0.99999078 0.0042878346 0.0040560998 -0.0011082245 -0.0042875718 0.99999019 -0.0095487491
0.99999854 -0.0016265964 -0.00053230265 -0.86003596 0.0016260689 0.99999819 -0.00098990391 0.00083997999 0.00053391186 0.0009890369 0.99999937 -0.0067986463
0.9999983 -0.0014520105 -0.0011384822 -0.84419651 0.0014529411 0.99999861 0.00081702757 0.0059840809 0.0011372943 -0.00081868033 0.99999902 -0.0037366188
0.99999289 0.00038034271 -0.0037504751 -0.85061807 -0.00039972163 0.99998657 -0.0051676614 -0.013386322 0.0037484592 0.0051691238 0.99997961 -0.02137562
0.99999158 -0.0019988622 -0.0035835198 -0.88147428 0.0019874166 0.99999292 -0.00319466 -0.029990335 0.0035898801 0.0031875112 0.99998848 -0.0022300708
